47827.908989407;47620.456190476;47413.003391546
47790.504988388;47609.985714286;47429.466440183
47739.692879973;47596.477619048;47453.262358122
47720.128416846;47590.573809524;47461.019202202
47708.116369703;47587.036190476;47465.95601125
47701.832995873;47585.88;47469.927004127
47703.38330752;47586.323809524;47469.264311527
47708.451612714;47588.597142857;47468.742673001
47705.699810274;47587.159047619;47468.618284964
47705.762260224;47583.837619048;47461.912977872
47698.237704176;47577.212857143;47456.18801011
47695.532136795;47574.251904762;47452.971672729
47691.472317635;47572.469047619;47453.465777603
47691.935233858;47572.734761905;47453.534289951
47691.334323724;47572.416190476;47453.498057228
47690.759095008;47574.586190476;47458.413285945
47691.634355551;47573.339047619;47455.043739688
47696.914604868;47570.48952381;47444.064442751
47696.144261692;47571.280952381;47446.41764307
47693.543531092;47574.270952381;47454.99837367
47693.701975147;47574.09047619;47454.478977234
47696.628082973;47571.693333333;47446.758583694
47693.020882597;47564.218571429;47435.41626026
47694.50638684;47559.06952381;47423.632660779
47716.700306146;47544.302380952;47371.904455759
47739.517282194;47525.398571429;47311.279860663
47741.120276267;47501.315714286;47261.511152304
47748.006559553;47476.92047619;47205.834392828
47756.766950854;47450.247142857;47143.72733486
47755.112562734;47427.938095238;47100.763627742
47758.233234253;47408.89;47059.546765747
47756.18677594;47390.314761905;47024.44274787
47744.462915831;47371.737142857;46999.011369884
47723.134570613;47349.052857143;46974.971143672
47696.374034054;47325.459047619;46954.544061184
47667.205671674;47299.642380952;46932.079090231
47646.639058551;47271.1;46895.560941449
47625.002464954;47245.719047619;46866.435630284
47612.291052378;47219.927142857;46827.563233337
47576.083254657;47194.077619048;46812.071983438
47523.300764629;47168.768095238;46814.235425847
47469.21779817;47144.314285714;46819.410773259
47415.029885062;47126.76952381;46838.509162557
47355.939909364;47111.861904762;46867.78390016
47285.609028061;47097.372380952;46909.135733844
47254.351525031;47088.822857143;46923.294189254
47238.004383794;47083.836190476;46929.667997158
47223.226768125;47074.313333333;46925.399898542
47214.520776916;47069.090952381;46923.661127846
47212.975221718;47067.728571429;46922.481921139
47208.078720366;47065.435238095;46922.791755824
47204.056768073;47063.384761905;46922.712755737
47198.538446865;47056.535714286;46914.532981706
47187.921641241;47052.368095238;46916.814549235
47190.059150928;47053.06;46916.060849072
47196.015111275;47055.056190476;46914.097269678
47208.076384929;47060.151904762;46912.227424595
47217.102424108;47069.916190476;46922.729956845
47223.437409982;47078.236666667;46933.035923351
47210.754913456;47085.232380952;46959.709848449
47205.378660354;47089.153333333;46972.928006313
47212.507972331;47086.187619048;46959.867265764
47210.714127212;47087.683333333;46964.652539455
47208.308509104;47084.81047619;46961.312443277
47199.498573212;47080.597142857;46961.695712502
47190.061941476;47076.687619048;46963.313296619
47189.496867568;47076.45952381;46963.422180051
47186.199380431;47074.958095238;46963.716810045
47199.753579014;47083.912857143;46968.072135272
47223.514150365;47093.071428571;46962.628706778
47249.234314546;47102.483333333;46955.732352121
47269.312043879;47110.34047619;46951.368908502
47313.667709072;47123.748095238;46933.828481404
47367.750498071;47145.601428571;46923.452359071
47393.455775497;47158.981428571;46924.507081646
47405.256877447;47165.917619048;46926.578360648
47407.161109265;47167.894761905;46928.628414544
47407.07834368;47162.687619048;46918.296894415
47411.379363144;47153.316190476;46895.253017808
47411.888944469;47146.351904762;46880.814865055
47411.767791286;47147.823809524;46883.879827762
47411.89400246;47150.662380952;46889.430759445
47499.785895544;47182.882380952;46865.978866361
47664.218640949;47225.11;46786.001359051
47809.554249334;47269.940952381;46730.327655428
47809.231700945;47275.603333333;46741.974965721
47812.921609685;47286.525714286;46760.129818887
47813.08362003;47290.952380952;46768.821141875
47814.619019428;47299.950952381;46785.282885334
47818.768726725;47306.472857143;46794.176987561
47826.683238245;47314.147142857;46801.61104747
47846.461780253;47326.940952381;46807.420124509
47858.144366471;47336.96;46815.775633529
47860.246730089;47338.58952381;46816.93231753
47856.655728475;47336.356190476;46816.056652478
47857.827463664;47337.377142857;46816.92682205
47859.892460746;47340.141904762;46820.391348778
47860.065018948;47343.350952381;46826.636885814
47855.320457389;47348.951428571;46842.582399754
47842.034089433;47363.475714286;46884.917339139
47830.42094743;47378.642857143;46926.864766856
47823.401021124;47388.06952381;46952.738026495
47818.536992638;47392.41047619;46966.283959743
47790.923793285;47373.548095238;46956.172397191
47682.267066643;47340.844285714;46999.421504786
47486.843159757;47303.104761905;47119.366364053
47484.572472332;47305.455714286;47126.338956239
47487.830643123;47298.451428571;47109.07221402
47486.96210542;47299.927142857;47112.892180294
47487.985884269;47301.095714286;47114.205544302
47489.281263305;47301.868571429;47114.455879552
47483.723622145;47299.672380952;47115.62113976
47445.150960763;47290.291428571;47135.43189638
47416.386162117;47280.646190476;47144.906218836
47400.450039622;47273.85047619;47147.250912759
47383.088243018;47264.604761905;47146.121280792
47368.149333519;47257.852380952;47147.555428385
47359.95358184;47250.44;47140.92641816
47361.899167914;47246.115714286;47130.332260657
47368.015176373;47243.587619048;47119.160061722
47369.697534532;47236.64952381;47103.601513087
47358.697947248;47231.462857143;47104.227767037
47353.342832689;47225.307142857;47097.271453025
47359.498312481;47219.921428571;47080.344544662
47362.299971714;47213.379047619;47064.458123524
47360.957790865;47208.59952381;47056.241256754
47361.948925331;47204.624285714;47047.299646097
47360.517601317;47197.968095238;47035.418589159
47366.793408827;47192.56952381;47018.345638792
47363.756896722;47185.253333333;47006.749769945
47348.124777823;47177.35952381;47006.594269796
47327.965113396;47162.454285714;46996.943458033
47298.244023209;47147.979047619;46997.714072029
47288.724891114;47127.900952381;46967.077013648
47285.739902325;47111.653809524;46937.567716723
47269.755734802;47098.91952381;46928.083312817
47259.365724794;47089.202857143;46919.039989491
47240.490323414;47079.722857143;46918.955390872
47228.858310374;47071.26952381;46913.680737245
47219.84009154;47067.438095238;46915.036098936
47215.437840785;47064.491904762;46913.545968739
47211.088716771;47062.451904762;46913.815092753
47192.797673018;47057.952380952;46923.107088886
47186.149181781;47056.05;46925.950818219
47183.240732733;47054.27;46925.299267267
47183.814368464;47046.478095238;46909.141822012
47176.872421165;47036.764285714;46896.656150264
47210.430462018;47017.406666667;46824.382871316
47232.152706024;46997.866190476;46763.579674928
47238.350986865;46984.05047619;46729.749965516
47235.792080028;46968.368095238;46700.944110448
47225.19459795;46947.777619048;46670.360640145
47224.004665539;46933.210952381;46642.417239223
47221.245286079;46915.778571429;46610.311856778
47227.099007575;46904.695714286;46582.292420996
47239.078502509;46888.886190476;46538.693878443
47231.24271479;46876.105714286;46520.968713781
47219.481566736;46867.60047619;46515.719385645
47202.207786539;46855.34047619;46508.473165842
47186.539985733;46844.126190476;46501.71239522
47156.308519836;46825.985714286;46495.662908735
47128.657323309;46814.430952381;46500.204581453
47090.74461085;46800.633809524;46510.523008197
47036.615665446;46784.494761905;46532.373858363
46976.914028364;46771.463333333;46566.012638303
46934.088093272;46763.505714286;46592.9233353
46909.182665242;46756.056666667;46602.930668091
46878.605275877;46746.272380952;46613.939486028
46881.155487108;46749.341428571;46617.527370035
46884.087751004;46754.066666667;46624.045582329
46890.233123182;46757.101904762;46623.970686342
46896.560201071;46760.335714286;46624.111227501
46903.649040005;46766.200952381;46628.752864757
46915.396366414;46773.071428571;46630.746490729
46915.703935014;46779.196190476;46642.688445938
46920.416159582;46788.134285714;46655.852411846
46894.37577407;46798.941904762;46703.508035453
46895.575518864;46798.498571429;46701.421623993
46895.300437602;46794.401904762;46693.503371921
46900.312509689;46797.997142857;46695.681776025
46949.228393872;46810.226190476;46671.223987081
47014.179427552;46830.245714286;46646.312001019
47052.337113667;46842.527619048;46632.718124428
47077.406530965;46853.868095238;46630.329659511
47108.912644737;46868.066190476;46627.219736215
47126.208182723;46876.587142857;46626.966102991
47140.136601333;46882.9;46625.663398667
47156.980704967;46895.63952381;46634.298342652
47198.109284941;46918.293809524;46638.478334106
47258.616782496;46943.265238095;46627.913693695
47308.55639121;46967.444285714;46626.332180219
47332.590914743;46985.14952381;46637.708132876
47350.642430768;47001.86952381;46653.096616851
47358.784385612;47015.408571429;46672.032757245
47363.313184773;47025.57;46687.826815227
47357.914660663;47033.428571429;46708.942482194
47355.722485753;47039.888095238;46724.053704723
47353.503828924;47041.142857143;46728.781885362
47332.577704209;47050.244761905;46767.9118196
47309.723384984;47059.996190476;46810.268995969
47313.330037484;47058.631428571;46803.932819659
47338.647440716;47043.684761905;46748.722083093
47353.093099504;47022.741428571;46692.389757639
47387.489402755;46997.042380952;46606.595359149
47392.775150305;46980.262857143;46567.750563981
47425.380846051;46947.880952381;46470.381058711
47459.247803059;46914.451428571;46369.655054084
47469.927631355;46884.487142857;46299.046654359
47460.26496046;46859.434761905;46258.604563349
47422.589934336;46828.824761905;46235.059589474
47358.712052417;46793.621428571;46228.530804726
47283.970153679;46764.157142857;46244.344132036
47223.006401913;46738.099047619;46253.191693325
47158.391017671;46714.537619048;46270.684220424
47116.873903021;46703.324285714;46289.774668408
47078.453584454;46693.062857143;46307.672129832
47079.942889936;46693.441428571;46306.939967207
47112.158312586;46700.256190476;46288.354068367
47121.313283911;46703.716190476;46286.119097041
47113.304360518;46700.575714286;46287.847068053
47097.412159364;46694.754761905;46292.097364445
47086.198389176;46686.79;46287.381610824
47082.477701299;46681.150952381;46279.824203463
47080.530664682;46673.67;46266.809335318
47080.659642799;46678.269047619;46275.878452439
47081.030551562;46678.62;46276.209448438
47073.045142588;46689.037619048;46305.030095508
47053.00682259;46700.883809524;46348.760796457
47043.111213345;46705.844761905;46368.578310464
47042.139115169;46706.701904762;46371.264694355
47040.894049822;46709.266190476;46377.638331131
47039.933792593;46714.520952381;46389.108112169
47040.825793795;46715.785714286;46390.745634776
47044.027288961;46720.358095238;46396.688901515
47049.554600703;46725.276190476;46400.99778025
47035.980567955;46718.976190476;46401.971812997
47021.639149046;46711.373333333;46401.10751762
46982.358724827;46695.596666667;46408.834608506
46884.191686519;46676.141904762;46468.092123005
46856.732860548;46670.005714286;46483.278568024
46845.6259436;46667.142380952;46488.658818305
46833.299170862;46663.671904762;46494.044638661
46834.637272295;46659.532857143;46484.428441991
46836.211110699;46657.854285714;46479.497460729
46834.512182859;46658.793333333;46483.074483808
46835.360736216;46656.194285714;46477.027835213
46835.206581035;46648.548095238;46461.889609442
46835.718401445;46645.848095238;46455.977789031
46838.240963561;46650.902857143;46463.564750725
46833.042573665;46658.731904762;46484.421235859
46831.631795058;46665.941428571;46500.251062085
46849.486195427;46675.293809524;46501.101423621
46861.14934873;46680.794761905;46500.440175079
46878.973235287;46687.044761905;46495.116288523
46906.002612334;46694.59047619;46483.178340047
46906.08767891;46694.621904762;46483.156130614
46916.063568463;46698.323809524;46480.584050584
46943.989401491;46708.137142857;46472.284884223
46951.404296896;46714.758095238;46478.111893581
46969.292274775;46721.981428571;46474.670582368
47001.380848851;46731.499047619;46461.617246388
47035.338921944;46742.444761905;46449.550601866
47061.436393064;46753.276666667;46445.11694027
47090.728071989;46775.140952381;46459.553832773
47103.921733187;46794.595238095;46485.268743004
47109.118340232;46814.125714286;46519.13308834
47101.213252007;46826.871904762;46552.530557516
47082.714084854;46843.067619048;46603.421153241
47060.172890416;46853.773809524;46647.374728632
47054.615925141;46856.692857143;46658.769789145
47051.764132525;46857.723333333;46663.682534142
47068.796467589;46852.59952381;46636.40258003
47081.915323728;46843.36;46604.804676272
47102.259170523;46831.691428571;46561.12368662
47131.871972939;46812.522857143;46493.173741347
47133.776554481;46794.644285714;46455.512016948
47137.326274107;46784.040952381;46430.755630655
47134.428552252;46773.296190476;46412.1638287
47124.201611792;46755.72047619;46387.239340589
47124.148110828;46743.159047619;46362.16998441
47123.466995861;46719.594761905;46315.722527949
47104.946011932;46689.648571429;46274.351130925
47069.984982914;46660.83;46251.675017086
47029.996689583;46636.881904762;46243.767119941
46969.589502741;46615.011428571;46260.433354402
46914.202890953;46594.992857143;46275.782823333
46852.128848731;46576.103809524;46300.078770316
46811.74192995;46557.816666667;46303.891403384
46763.149660825;46532.37047619;46301.591291556
46725.55856525;46511.116190476;46296.673815702
46700.960755542;46488.881428571;46276.802101601
46674.180888299;46472.936190476;46271.691492653
46662.960013774;46462.81047619;46262.660938607
46643.035838486;46451.417619048;46259.799399609
46633.645370558;46443.2;46252.754629442
46634.641496169;46444.197142857;46253.752789546
46627.245162125;46440.24047619;46253.235790256
46612.083067093;46432.921904762;46253.760742431
46587.477022852;46424.758095238;46262.039167624
46573.442804169;46414.566666667;46255.690529165
46559.811901554;46408.64952381;46257.487146065
46566.739889481;46412.96047619;46259.181062899
46573.851086312;46419.488571429;46265.126056545
46578.516771493;46423.102857143;46267.688942793
46583.538989681;46425.066666667;46266.594343653
46564.204423086;46415.055238095;46265.906053104
46547.995009573;46403.825714286;46259.656418998
46523.41979297;46392.497142857;46261.574492744
46519.997591297;46384.306666667;46248.615742036
46525.227592645;46380.763809524;46236.300026403
46527.512084368;46377.996666667;46228.481248966
46546.75898467;46371.840952381;46196.922920092
46582.521335157;46357.055714286;46131.590093415
46617.177364734;46338.18;46059.182635266
46624.250896483;46323.78047619;46023.310055898
46634.699038337;46306.71047619;45978.721914044
46626.314585931;46287.217619048;45948.120652164
46616.88712442;46267.21952381;45917.551923199
46609.06585022;46247.744285714;45886.422721209
46598.083977167;46224.815238095;45851.546499024
46590.671139205;46209.716666667;45828.762194128
46574.604628923;46188.288571429;45801.972513934
46548.451025494;46157.821428571;45767.191831649
46503.290881232;46131.771428571;45760.251975911
46452.147166069;46109.223333333;45766.299500597
46382.124473826;46088.524285714;45794.924097602
46343.880960072;46074.626190476;45805.371420881
46309.804033391;46058.874285714;45807.944538038
46268.211156279;46040.092380952;45811.973605626
46227.460722418;46024.465238095;45821.469753772
46185.587674837;46010.274285714;45834.960896592
46122.231210015;45993.687619048;45865.144028081
46096.414283238;45986.523809524;45876.63333581
46092.322114816;45980.467142857;45868.612170898
46095.644493148;45976.274285714;45856.904078281
46086.121048328;45966.712857143;45847.304665958
46081.761123424;45963.467142857;45845.17316229
46079.605684892;45962.861904762;45846.118124632
46080.4135056;45963.122380952;45845.831256305
46088.379485743;45965.705238095;45843.030990447
46113.099783139;45973.994285714;45834.88878829
46124.941420394;45977.819047619;45830.696674844
46133.832064083;45983.12047619;45832.408888298
46128.966652571;45991.902380952;45854.838109334
46137.594101094;45998.231428571;45858.868756049
46148.388043852;46002.945714286;45857.50338472
46151.598629931;46003.968095238;45856.337560546
46146.339040911;46000.687619048;45855.036197184
46146.228941024;46000.131428571;45854.033916119
46145.248629049;46002.604761905;45859.960894761
46147.507910715;46000.262857143;45853.01780357
46152.926789978;45995.801904762;45838.677019546
46157.924045084;45992.221904762;45826.519764439
46163.344486626;45984.763809524;45806.183132422
46163.861458971;45984.112857143;45804.364255314
46176.878307962;45978.528095238;45780.177882514
46188.718578351;45973.007142857;45757.295707363
46205.119755171;45961.945714286;45718.7716734
46208.563759968;45947.158095238;45685.752430509
46220.309056153;45927.990952381;45635.672848609
46209.516799606;45913.512857143;45617.508914679
46184.903370836;45903.85047619;45622.797581545
46161.105449336;45890.942857143;45620.78026495
46141.746050149;45882.550952381;45623.355854612
46127.88556569;45876.380952381;45624.876339072
46100.538882382;45864.158571429;45627.778260475
46069.296055543;45855.381428571;45641.4668016
46031.600911365;45845.222857143;45658.844802921
46013.65464647;45838.75;45663.84535353
45996.968298456;45830.962380952;45664.956463448
45978.063324778;45818.438571429;45658.813818079
45968.260547324;45813.329047619;45658.397547914
45973.025956349;45802.159047619;45631.29213889
45974.459010848;45791.388095238;45608.317179628
45970.103074395;45787.530952381;45604.958830367
45957.943890243;45777.55047619;45597.157062138
45957.37766121;45775.504285714;45593.630910219
45961.614205753;45769.55047619;45577.486746628
45985.843322718;45781.078571429;45576.313820139
46005.292422447;45791.534285714;45577.776148982
46045.207528042;45813.006666667;45580.805805291
46067.366668644;45824.659047619;45581.951426594
46159.792624877;45843.166190476;45526.539756075
46200.862619949;45858.832857143;45516.803094336
46218.75897008;45866.862857143;45514.966744206
46247.599848167;45878.149047619;45508.698247071
46289.689269482;45896.525238095;45503.361206709
46334.048760261;45912.718571429;45491.388382597
46368.242002056;45928.548571429;45488.855140801
46386.277438394;45940.981428571;45495.685418749
46403.10975231;45956.136190476;45509.162628642
46416.275383595;45976.453809524;45536.632235453
46421.444248586;45988.166666667;45554.889084748
46407.969618235;46004.846190476;45601.722762718
46388.999108196;46021.061904762;45653.124701327
46380.456903876;46028.952857143;45677.44881041
46360.699333735;46042.540952381;45724.382571027
46341.97247788;46057.790952381;45773.609426882
46299.335671188;46084.286666667;45869.237662145
46301.782484584;46093.7;45885.617515416
46298.587087923;46101.94;45905.292912077
46304.858466867;46106.47047619;45908.082485514
46309.466762673;46115.30047619;45921.134189708
46302.876862924;46113.904761905;45924.932660885
46330.395917857;46122.101428571;45913.806939285
46392.477953909;46141.535238095;45890.592522281
46430.986744926;46154.923333333;45878.85992174
46445.013679092;46160.549047619;45876.084416146
46462.934361986;46166.402380952;45869.870399919
46479.36661143;46173.027619048;45866.688626665
46518.816612722;46189.684285714;45860.551958707
46536.763895879;46201.242380952;45865.720866026
46543.075838135;46207.448571429;45871.821304722
46541.66333717;46213.540952381;45885.418567592
46537.860827611;46226.240952381;45914.621077151
46530.392174086;46239.774761905;45949.157349724
46508.653537389;46255.501904762;46002.350272135
46493.438657326;46272.532380952;46051.626104579
46484.158332093;46276.05952381;46067.960715526
46488.403451434;46272.80952381;46057.215596185
46488.28820605;46272.899047619;46057.509889188
46483.651230051;46276.311428571;46068.971627091
46482.319981348;46278.322857143;46074.325732938
46481.865253218;46278.876666667;46075.888080115
46484.652624892;46271.721904762;46058.791184632
46489.973922803;46258.923809524;46027.873696245
46460.102728708;46245.126190476;46030.149652244
46437.849809977;46236.26047619;46034.671142403
46433.71483233;46234.5;46035.28516767
46421.976922699;46230.706666667;46039.436410635
46411.310103564;46226.79;46042.269896436
46370.001720709;46217.506666667;46065.011612624
46396.347764406;46222.136666667;46047.925568927
46448.192025974;46233.866190476;46019.540354979
46506.599435347;46252.512380952;45998.425326558
46540.000477383;46264.560952381;45989.121427379
46567.407972969;46275.639047619;45983.870122269
46592.79631937;46287.138095238;45981.479871106
46602.035285621;46291.479047619;45980.922809617
46610.904675366;46305.978571429;46001.052467491
46658.722128955;46331.602380952;46004.482632949
46702.580780055;46356.26047619;46009.940172326
46725.963187809;46375.296666667;46024.630145524
46776.528850812;46400.597142857;46024.665434902
46823.39328561;46428.203809524;46033.014333437
46847.799867716;46456.793333333;46065.786798951
46859.69425115;46491.038095238;46122.381939326
46881.567181559;46520.567142857;46159.567104155
46898.894127495;46546.943333333;46194.992539171
46908.776188308;46568.503809524;46228.23143074
46916.404659232;46590.424285714;46264.443912197
46919.436454729;46615.681904762;46311.927354795
46951.037257942;46649.71047619;46348.383694438
47012.002262958;46677.911428571;46343.820594185
47058.02136162;46701.9;46345.77863838
47113.952826974;46727.063333333;46340.173839693
47187.472917602;46761.237142857;46335.001368112
47272.048974812;46800.943333333;46329.837691855
47321.09745958;46836.389523809;46351.681588039
47343.244930973;46873.111428571;46402.97792617
47366.601252276;46913.453333333;46460.305414391
47388.480632234;46937.96047619;46487.440320147
47406.742412124;46962.169047619;46517.595683114
47408.53871341;46989.741904762;46570.945096114
47424.301750554;47011.441904762;46598.582058969
47423.819484348;47024.925238095;46626.030991842
47413.692597727;47036.016666667;46658.340735607
47408.188532728;47049.507619048;46690.826705367
47402.90411099;47063.116190476;46723.328269963
47390.737142675;47072.364761905;46753.992381134
47368.352273025;47086.441904762;46804.531536499
47347.1474106;47093.935238095;46840.723065591
47340.134556887;47095.989523809;46851.844490732
47345.920718591;47091.96047619;46838.00023379
47349.908394606;47085.473333333;46821.03827206
47356.984788081;47078.369047619;46799.753307157
47355.654131147;47071.259523809;46786.864916472
47341.315947455;47055.920952381;46770.525957307
47314.76425761;47028.917619048;46743.070980485
47292.958658088;47008.698571429;46724.43848477
