;;48933.03000000;100;0
;;48944.56000000;100;0
;;48939.56000000;100;0
;;48949.99000000;100;0
;;48952.53000000;100;0
;;48961.19000000;100;0
;;48967.79000000;100;0
;;48949.97000000;100;0
;;48909.95000000;100;0
;;48890.45000000;100;0
;;48877.36000000;100;0
;;48873.22000000;100;0
;;48877.70000000;100;0
;;48866.21000000;100;0
;;48810.89000000;100;0
;;48842.33000000;100;0
;;48849.01000000;100;0
;;48846.79000000;100;0
;;48856.51000000;100;0
;;48848.03000000;100;0
;;48815.52000000;100;0
;;48820.66000000;100;0
;;48880.02000000;100;0
;;48880.01000000;100;0
;;48848.49000000;100;0
;;48882.53000000;100;0
;;48862.84000000;100;0
;;48862.82000000;100;0
;;48855.74000000;100;0
;;48853.18000000;100;0
;;48860.46000000;100;0
;;48831.15000000;100;0
;;48834.73000000;100;0
;;48852.03000000;100;0
;;48825.77000000;100;0
;;48819.93000000;100;0
;;48847.99000000;100;0
;;48824.09000000;100;0
;;48790.51000000;100;0
;;48798.36000000;100;0
;;48794.50000000;100;0
;;48792.24000000;100;0
;;48790.45000000;100;0
;;48787.71000000;100;0
;;48783.95000000;100;0
;;48753.91000000;100;0
;;48743.01000000;100;0
;;48749.99000000;100;0
;;48725.21000000;100;0
;;48718.86000000;100;0
;;48740.08000000;100;0
;;48732.36000000;100;0
;;48733.43000000;100;0
;;48736.35000000;100;0
;;48733.14000000;100;0
;;48689.65000000;100;0
;;48743.11000000;100;0
;;48737.01000000;100;0
;;48745.37000000;100;0
;;48720.79000000;100;0
;;48746.43000000;100;0
;;48741.00000000;100;0
;;48768.50000000;100;0
;;48753.12000000;100;0
;;48760.67000000;100;0
;;48745.08000000;100;0
;;48742.53000000;100;0
;;48750.59000000;100;0
;;48748.01000000;100;0
;;48722.59000000;100;0
;;48731.87000000;100;0
;;48733.52000000;100;0
;;48734.16000000;100;0
;;48746.62000000;100;0
;;48759.97000000;100;0
;;48746.00000000;100;0
;;48735.74000000;100;0
;;48728.58000000;100;0
;;48716.69000000;100;0
;;48712.39000000;100;0
;;48693.99000000;100;0
;;48666.00000000;100;0
;;48666.06000000;100;0
;;48676.47000000;100;0
;;48708.09000000;100;0
;;48761.08000000;100;0
;;48752.16000000;100;0
;;48793.17000000;100;0
;;48785.43000000;100;0
;;48790.01000000;100;0
;;48783.02000000;100;0
;;48781.20000000;100;0
;;48778.02000000;100;0
;;48772.04000000;100;0
;;48735.01000000;100;0
;;48771.71000000;100;0
;;48766.38000000;100;0
;;48783.70000000;100;0
;;48783.02000000;100;0
;;48763.96000000;100;0
;;48781.45000000;100;0
;;48772.48000000;100;0
;;48780.02000000;100;0
;;48781.71000000;100;0
;;48805.06000000;100;0
;;48777.01000000;100;0
;;48789.31000000;100;0
;;48783.91000000;100;0
;;48795.38000000;100;0
;;48781.86000000;100;0
;;48789.64000000;100;0
;;48783.03000000;100;0
;;48745.00000000;100;0
;;48767.85000000;100;0
;;48796.73000000;100;0
;;48788.38000000;100;0
;;48788.56000000;100;0
;;48783.52000000;100;0
;;48787.29000000;100;0
;;48792.77000000;100;0
;;48771.94000000;100;0
;;48770.38000000;100;0
;;48763.67000000;100;0
;;48779.97000000;100;0
;;48784.24000000;100;0
;;48796.34000000;100;0
;;48804.50000000;100;0
;;48823.40000000;100;0
;;48815.65000000;100;0
;;48819.90000000;100;0
;;48823.37000000;100;0
;;48826.81000000;100;0
;;48823.89000000;100;0
;;48814.58000000;100;0
;;48820.36000000;100;0
;;48817.04000000;100;0
;;48818.01000000;100;0
;;48815.87000000;100;0
;;48800.87000000;100;0
;;48827.34000000;100;0
;;48824.21000000;100;0
;;48814.64000000;100;0
;;48832.16000000;100;0
;;48833.36000000;100;0
;;48830.35000000;100;0
;;48819.58000000;100;0
;;48822.27000000;100;0
;;48827.58000000;100;0
;;48828.52000000;100;0
;;48817.29000000;100;0
;;48835.33000000;100;0
;;48837.11000000;100;0
;;48815.04000000;100;0
;;48808.31000000;100;0
;;48790.76000000;100;0
;;48788.73000000;100;0
;;48772.11000000;100;0
;;48716.94000000;100;0
;;48726.14000000;100;0
;;48692.70000000;100;0
;;48659.00000000;100;0
;;48659.00000000;100;0
;;48644.69000000;100;0
;;48647.68000000;100;0
;;48651.79000000;100;0
;;48625.28000000;100;0
;;48614.39000000;100;0
;;48595.20000000;100;0
;;48623.10000000;100;0
;;48605.04000000;100;0
;;48608.36000000;100;0
;;48602.87000000;100;0
;;48574.51000000;100;0
;;48603.18000000;100;0
;;48610.00000000;100;0
;;48618.84000000;100;0
;;48676.55000000;100;0
;;48659.81000000;100;0
;;48651.67000000;100;0
;;48635.25000000;100;0
;;48647.36000000;100;0
;;48661.61000000;100;0
;;48671.68000000;100;0
;;48683.85000000;100;0
;;48583.28000000;100;0
;;48596.29000000;100;0
;;48623.89000000;100;0
;;48619.99000000;100;0
;;48684.74000000;100;0
;;48702.97000000;100;0
;;48683.46000000;100;0
;;48635.10000000;100;0
;;48613.77000000;100;0
;;48575.57000000;100;0
;;48563.32000000;100;0
;;48547.91000000;100;0
;;48543.11000000;100;0
;;48527.44000000;100;0
;;48542.15000000;100;0
;;48543.55000000;100;0
;;48568.47000000;100;0
;;48565.73000000;100;0
;;48562.33000000;100;0
;;48562.32000000;100;0
;;48513.52000000;100;0
;;48509.05000000;100;0
;;48509.67000000;100;0
;;48511.81000000;100;0
;;48557.54000000;100;0
;;48552.29000000;100;0
;;48543.55000000;100;0
;;48547.99000000;100;0
;;48581.49000000;100;0
;;48580.08000000;100;0
;;48578.51000000;100;0
;;48587.74000000;100;0
;;48557.22000000;100;0
;;48562.23000000;100;0
;;48570.92000000;100;0
;;48603.10000000;100;0
;;48616.11000000;100;0
;;48581.53000000;100;0
;;48604.28000000;100;0
;;48622.53000000;100;0
;;48626.00000000;100;0
;;48618.92000000;100;0
;;48663.46000000;100;0
;;48685.73000000;100;0
;;48696.75000000;100;0
;;48698.46000000;100;0
;;48697.26000000;100;0
;;48711.40000000;100;0
;;48718.23000000;100;0
;;48708.21000000;100;0
;;48706.46000000;100;0
;;48714.62000000;100;0
;;48737.35000000;100;0
;;48731.82000000;100;0
;;48742.43000000;100;0
;;48750.00000000;100;0
;;48761.63000000;100;0
;;48769.50000000;100;0
;;48751.24000000;100;0
;;48744.49000000;100;0
;;48745.77000000;100;0
;;48743.75000000;100;0
;;48722.23000000;100;0
;;48727.59000000;100;0
;;48744.04000000;100;0
;;48753.69000000;100;0
;;48749.30000000;100;0
;;48751.69000000;100;0
;;48748.01000000;100;0
;;48743.95000000;100;0
;;48760.10000000;100;0
;;48757.84000000;100;0
;;48779.99000000;100;0
;;48745.79000000;100;0
;;48739.13000000;100;0
;;48730.01000000;100;0
;;48728.76000000;100;0
;;48751.19000000;100;0
;;48731.93000000;100;0
;;48751.19000000;100;0
;;48769.99000000;100;0
;;48786.26000000;100;0
;;48775.25000000;100;0
;;48781.44000000;100;0
;;48762.79000000;100;0
;;48778.31000000;100;0
;;48789.00000000;100;0
;;48762.47000000;100;0
;;48762.52000000;100;0
;;48768.40000000;100;0
;;48784.05000000;100;0
;;48773.69000000;100;0
;;48788.64000000;100;0
;;48808.59000000;100;0
;;48807.72000000;100;0
;;48805.62000000;100;0
;;48810.22000000;100;0
;;48817.22000000;100;0
;;48824.99000000;100;0
;;48824.93000000;100;0
;;48822.00000000;100;0
;;48829.21000000;100;0
;;48890.18000000;100;0
;;48870.38000000;100;0
;;48880.61000000;100;0
;;48870.01000000;100;0
;;48894.97000000;100;0
;;48887.94000000;100;0
;;48888.41000000;100;0
;;48898.78000000;100;0
;;48904.02000000;100;0
;;48929.97000000;100;0
;;48924.37000000;100;0
;;48925.22000000;100;0
;;48918.91000000;100;0
;;48859.87000000;100;0
;;48857.60000000;100;0
;;48857.07000000;100;0
;;48863.02000000;100;0
;;48849.56000000;100;0
;;48873.99000000;100;0
;;48935.30000000;100;0
;;48935.40000000;100;0
;;48927.20000000;100;0
;;48924.40000000;100;0
;;48945.10000000;100;0
;;48924.32000000;100;0
;;48932.73000000;100;0
;;48926.53000000;100;0
;;48926.31000000;100;0
;;48898.56000000;100;0
;;48899.49000000;100;0
;;48901.53000000;100;0
;;48918.78000000;100;0
;;48915.80000000;100;0
;;48923.87000000;100;0
;;48937.86000000;100;0
;;48902.84000000;100;0
;;48934.14000000;100;0
;;48929.87000000;100;0
;;48924.18000000;100;0
;;48924.16000000;100;0
;;48931.29000000;100;0
;;48916.00000000;100;0
;;48907.28000000;100;0
;;48905.67000000;100;0
;;48900.42000000;100;0
;;48881.87000000;100;0
;;48884.01000000;100;0
;;48887.00000000;100;0
;;48887.57000000;100;0
;;48896.64000000;100;0
;;48902.37000000;100;0
;;48902.94000000;100;0
;;48903.91000000;100;0
;;48906.03000000;100;0
;;48908.73000000;100;0
;;48930.94000000;100;0
;;48930.00000000;100;0
;;48943.99000000;100;0
;;48930.08000000;100;0
;;48943.02000000;100;0
;;48944.00000000;100;0
;;48948.99000000;100;0
;;48929.36000000;100;0
;;48920.59000000;100;0
;;48937.61000000;100;0
;;48945.95000000;100;0
;;48944.43000000;100;0
;;48954.53000000;100;0
;;48987.14000000;100;0
;;48966.83000000;100;0
;;48966.04000000;100;0
;;48964.67000000;100;0
;;48979.99000000;100;0
;;48974.61000000;100;0
;;48966.95000000;100;0
;;48952.67000000;100;0
;;48952.67000000;100;0
;;48961.05000000;100;0
;;48952.67000000;100;0
;;48954.20000000;100;0
;;48943.99000000;100;0
;;48940.86000000;100;0
;;48939.59000000;100;0
;;48954.40000000;100;0
;;48935.86000000;100;0
;;48953.02000000;100;0
;;48960.64000000;100;0
;;48977.09000000;100;0
;;48952.68000000;100;0
;;48945.56000000;100;0
;;48963.27000000;100;0
;;48953.80000000;100;0
;;48957.50000000;100;0
;;48944.19000000;100;0
;;48954.67000000;100;0
;;48957.49000000;100;0
;;48962.08000000;100;0
;;48952.68000000;100;0
;;48930.28000000;100;0
;;48922.50000000;100;0
;;48936.82000000;100;0
;;48924.22000000;100;0
;;48921.81000000;100;0
;;48952.68000000;100;0
;;48933.36000000;100;0
;;48921.01000000;100;0
;;48919.99000000;100;0
;;48932.87000000;100;0
;;48924.23000000;100;0
;;48942.30000000;100;0
;;48937.61000000;100;0
;;48937.62000000;100;0
;;48949.97000000;100;0
;;48949.96000000;100;0
;;48929.99000000;100;0
;;48947.94000000;100;0
;;48947.39000000;100;0
;;48955.01000000;100;0
;;48972.30000000;100;0
;;48976.91000000;100;0
;;48955.26000000;100;0
;;48960.00000000;100;0
;;48959.99000000;100;0
;;48974.99000000;100;0
;;48962.66000000;100;0
;;48962.67000000;100;0
;;48942.69000000;100;0
;;48937.58000000;100;0
;;48963.00000000;100;0
;;48971.06000000;100;0
;;48959.29000000;100;0
;;48973.65000000;100;0
;;48983.82000000;100;0
;;48995.00000000;100;0
;;48994.55000000;100;0
;;49001.35000000;100;0
;;49000.08000000;100;0
;;49000.00000000;100;0
;;48997.31000000;100;0
;;49050.00000000;100;0
;;49050.00000000;100;0
;;49067.20000000;100;0
;;49100.00000000;100;0
;;49108.56000000;100;0
;;49124.37000000;100;0
;;49111.00000000;100;0
;;49144.99000000;100;0
;;49080.27000000;100;0
;;49069.90000000;100;0
;;49061.92000000;100;0
;;49040.06000000;100;0
;;49057.95000000;100;0
;;49060.00000000;100;0
;;49076.44000000;100;0
;;48977.15000000;100;0
;;48919.05000000;100;0
;;48924.74000000;100;0
;;48945.89000000;100;0
;;48948.19000000;100;0
;;48958.64000000;100;0
;;48929.00000000;100;0
;;48919.11000000;100;0
;;48939.32000000;100;0
;;48939.77000000;100;0
;;48960.49000000;100;0
;;48951.07000000;100;0
;;48959.02000000;100;0
;;48963.89000000;100;0
;;48978.56000000;100;0
;;48942.27000000;100;0
;;48954.49000000;100;0
;;48949.30000000;100;0
;;48941.89000000;100;0
;;48898.99000000;100;0
;;48893.13000000;100;0
;;48863.73000000;100;0
;;48860.25000000;100;0
;;48871.51000000;100;0
;;48871.56000000;100;0
;;48875.83000000;100;0
;;48875.65000000;100;0
;;48875.76000000;100;0
;;48887.68000000;100;0
;;48874.85000000;100;0
;;48883.89000000;100;0
;;48872.28000000;100;0
;;48859.74000000;100;0
;;48899.99000000;100;0
;;48891.01000000;100;0
;;48897.84000000;100;0
;;48881.68000000;100;0
;;48891.40000000;100;0
;;48893.85000000;100;0
;;48906.37000000;100;0
;;48904.83000000;100;0
;;48906.36000000;100;0
;;48924.15000000;100;0
;;48924.43000000;100;0
;;48962.41000000;100;0
;;48941.00000000;100;0
;;48930.91000000;100;0
;;48945.90000000;100;0
;;48949.47000000;100;0
;;48970.76000000;100;0
;;48961.08000000;100;0
;;48962.76000000;100;0
;;48965.68000000;100;0
;;48962.26000000;100;0
;;48960.00000000;100;0
;;48971.96000000;100;0
;;48959.55000000;100;0
;;48960.79000000;100;0
;;48958.31000000;100;0
;;48959.71000000;100;0
;;48990.15000000;100;0
;;48985.45000000;100;0
;;48989.91000000;100;0
;;48992.31000000;100;0
;;48995.36000000;100;0
;;48976.03000000;100;0
;;48981.69000000;100;0
;;48968.47000000;100;0
;;48984.96000000;100;0
;;48978.76000000;100;0
;;48983.99000000;100;0
;;48973.56000000;100;0
;;48966.13000000;100;0
;;48985.51000000;100;0
;;48975.37000000;100;0
;;48987.74000000;100;0
;;48990.11000000;100;0
;;48990.10000000;100;0
;;48966.20000000;100;0
;;48959.03000000;100;0
;;48980.32000000;100;0
;;48980.33000000;100;0
;;48981.93000000;100;0
;;48985.71000000;100;0
;;48970.67000000;100;0
;;48979.80000000;100;0
;;48960.00000000;100;0
;;48975.63000000;100;0
;;48971.92000000;100;0
;;48985.28000000;100;0
;;48930.80000000;100;0
;;48942.70000000;100;0
;;48938.40000000;100;0
;;48939.23000000;100;0
;;48941.57000000;100;0
;;48984.13000000;100;0
;;48994.70000000;100;0
;;48994.70000000;100;0
;;49000.00000000;100;0
;;48998.09000000;100;0
;;48994.71000000;100;0
;;48998.93000000;100;0
;;49029.57000000;100;0
;;49010.34000000;100;0
;;49004.71000000;100;0
;;49014.79000000;100;0
;;49003.00000000;100;0
;;49017.92000000;100;0
;;49031.89000000;100;0
;;49064.99000000;100;0
;;49060.07000000;100;0
;;49058.75000000;100;0
;;49060.14000000;100;0
;;49055.12000000;100;0
;;49076.95000000;100;0
;;49099.31000000;100;0
;;49104.88000000;100;0
;;49092.99000000;100;0
;;49109.45000000;100;0
;;49135.26000000;100;0
;;49105.81000000;100;0
;;49079.51000000;100;0
;;49071.68000000;100;0
;;49065.20000000;100;0
;;49067.40000000;100;0
;;49037.33000000;100;0
;;49046.96000000;100;0
;;49045.80000000;100;0
;;49043.43000000;100;0
;;49039.71000000;100;0
;;49018.47000000;100;0
;;49037.29000000;100;0
;;49035.03000000;100;0
;;49036.27000000;100;0
;;49065.95000000;100;0
;;49069.55000000;100;0
;;49074.41000000;100;0
;;49033.53000000;100;0
;;48979.29000000;100;0
;;48999.89000000;100;0
;;48999.99000000;100;0
;;48999.00000000;100;0
;;48997.30000000;100;0
;;49011.30000000;100;0
;;48997.06000000;100;0
;;48979.02000000;100;0
;;48972.54000000;100;0
;;48968.47000000;100;0
;;48979.99000000;100;0
;;48970.24000000;100;0
;;48952.16000000;100;0
;;48940.52000000;100;0
;;48954.68000000;100;0
;;48960.72000000;100;0
;;48933.26000000;100;0
;;48926.89000000;100;0
;;48892.73000000;100;0
;;48906.24000000;100;0
;;48903.92000000;100;0
;;48904.81000000;100;0
;;48911.67000000;100;0
;;48927.29000000;100;0
;;48944.88000000;100;0
;;48920.47000000;100;0
;;48899.36000000;100;0
;;48898.82000000;100;0
;;48893.72000000;100;0
;;48894.05000000;100;0
;;48880.01000000;100;0
;;48853.94000000;100;0
;;48811.35000000;100;0
;;48832.87000000;100;0
;;48826.29000000;100;0
;;48829.95000000;100;0
;;48827.06000000;100;0
;;48833.66000000;100;0
;;48830.75000000;100;0
;;48836.86000000;100;0
;;48853.11000000;100;0
;;48852.68000000;100;0
;;48858.01000000;100;0
;;48858.36000000;100;0
;;48861.67000000;100;0
;;48856.93000000;100;0
;;48852.00000000;100;0
;;48872.07000000;100;0
;;48882.00000000;100;0
;;48881.98000000;100;0
;;48887.01000000;100;0
;;48891.12000000;100;0
;;48891.97000000;100;0
;;48900.63000000;100;0
;;48899.65000000;100;0
;;48906.89000000;100;0
;;48916.26000000;100;0
;;48915.32000000;100;0
;;48911.40000000;100;0
;;48911.79000000;100;0
;;48918.04000000;100;0
;;48895.95000000;100;0
;;48897.42000000;100;0
;;48892.16000000;100;0
;;48891.73000000;100;0
;;48884.11000000;100;0
;;48873.14000000;100;0
;;48881.17000000;100;0
;;48864.47000000;100;0
;;48864.25000000;100;0
;;48872.08000000;100;0
;;48882.41000000;100;0
;;48885.07000000;100;0
;;48880.00000000;100;0
;;48865.85000000;100;0
;;48869.81000000;100;0
;;48864.69000000;100;0
;;48874.97000000;100;0
;;48877.76000000;100;0
;;48880.38000000;100;0
;;48874.33000000;100;0
;;48877.59000000;100;0
;;48893.66000000;100;0
;;48920.00000000;100;0
;;48933.97000000;100;0
;;48950.00000000;100;0
;;48943.75000000;100;0
;;48945.48000000;100;0
;;48940.09000000;100;0
;;48948.69000000;100;0
;;48940.26000000;100;0
;;48953.43000000;100;0
;;48945.00000000;100;0
;;48960.70000000;100;0
;;48969.99000000;100;0
;;49016.17000000;100;0
;;49062.54000000;100;0
;;49036.79000000;100;0
;;48992.88000000;100;0
;;49017.71000000;100;0
;;48982.01000000;100;0
;;48967.34000000;100;0
;;48968.38000000;100;0
;;48969.01000000;100;0
;;48974.12000000;100;0
;;49017.69000000;100;0
;;48987.74000000;100;0
;;48972.07000000;100;0
;;48988.38000000;100;0
;;48986.74000000;100;0
;;48969.60000000;100;0
;;48971.63000000;100;0
;;48954.39000000;100;0
;;48933.06000000;100;0
;;48937.74000000;100;0
;;48933.82000000;100;0
;;48957.68000000;100;0
;;48957.67000000;100;0
;;48860.01000000;100;0
;;48835.59000000;100;0
;;48810.55000000;100;0
;;48831.40000000;100;0
;;48835.64000000;100;0
;;48865.40000000;100;0
;;48851.04000000;100;0
;;48826.27000000;100;0
;;48848.72000000;100;0
;;48842.38000000;100;0
;;48820.79000000;100;0
;;48782.33000000;100;0
;;48805.99000000;100;0
;;48830.55000000;100;0
;;48797.59000000;100;0
;;48800.00000000;100;0
;;48793.53000000;100;0
;;48761.67000000;100;0
;;48764.65000000;100;0
;;48735.04000000;100;0
;;48764.64000000;100;0
;;48742.14000000;100;0
;;48744.10000000;100;0
;;48762.14000000;100;0
;;48752.46000000;100;0
;;48794.19000000;100;0
;;48798.95000000;100;0
;;48800.85000000;100;0
;;48745.19000000;100;0
;;48731.63000000;100;0
;;48686.43000000;100;0
;;48681.59000000;100;0
;;48700.00000000;100;0
;;48696.12000000;100;0
1640215218;bought;48664.34000000;75;0.00051372319032787
1640215249;bought;48673.79000000;50;0.0010273466414707
1640215278;bought;48681.33000000;25;0.0015408905401275
1640215307;bought;48653.70000000;0;0.0020547260757599
1640215336;can not bought;48670.98000000;0;0.0020547260757599
1640215365;can not bought;48650.78000000;0;0.0020547260757599
1640215394;can not bought;48657.69000000;0;0.0020547260757599
1640215424;can not bought;48644.34000000;0;0.0020547260757599
1640215455;can not bought;48638.21000000;0;0.0020547260757599
1640215484;can not bought;48699.99000000;0;0.0020547260757599
1640215484;can not bought;48729.12000000;0;0.0020547260757599
1640215484;can not bought;48714.86000000;0;0.0020547260757599
1640215484;can not bought;48717.16000000;0;0.0020547260757599
1640215484;can not bought;48736.01000000;0;0.0020547260757599
1640215484;can not bought;48758.90000000;0;0.0020547260757599
1640215484;can not bought;48769.16000000;0;0.0020547260757599
1640215484;can not bought;48750.19000000;0;0.0020547260757599
1640215484;can not bought;48750.05000000;0;0.0020547260757599
1640215484;can not bought;48742.04000000;0;0.0020547260757599
1640215484;can not bought;48768.24000000;0;0.0020547260757599
1640215484;can not bought;48789.02000000;0;0.0020547260757599
1640215484;can not bought;48773.99000000;0;0.0020547260757599
1640215484;can not bought;48710.56000000;0;0.0020547260757599
1640215484;can not bought;48725.60000000;0;0.0020547260757599
1640215484;can not bought;48754.94000000;0;0.0020547260757599
1640215484;can not bought;48754.51000000;0;0.0020547260757599
1640215484;can not bought;48766.99000000;0;0.0020547260757599
1640215484;can not bought;48769.44000000;0;0.0020547260757599
1640215484;can not bought;48764.43000000;0;0.0020547260757599
1640215484;can not bought;48775.13000000;0;0.0020547260757599
1640215484;can not bought;48772.08000000;0;0.0020547260757599
1640215484;can not bought;48768.54000000;0;0.0020547260757599
1640215484;can not bought;48763.89000000;0;0.0020547260757599
1640215484;can not bought;48757.31000000;0;0.0020547260757599
1640215484;can not bought;48743.06000000;0;0.0020547260757599
1640215484;can not bought;48713.77000000;0;0.0020547260757599
1640215484;can not bought;48687.36000000;0;0.0020547260757599
1640215484;can not bought;48677.22000000;0;0.0020547260757599
1640215484;can not bought;48685.09000000;0;0.0020547260757599
1640215484;can not bought;48660.19000000;0;0.0020547260757599
1640215484;can not bought;48663.72000000;0;0.0020547260757599
1640215484;can not bought;48660.21000000;0;0.0020547260757599
1640215484;can not bought;48660.47000000;0;0.0020547260757599
1640215484;can not bought;48661.81000000;0;0.0020547260757599
1640215484;can not bought;48661.81000000;0;0.0020547260757599
1640215484;can not bought;48649.44000000;0;0.0020547260757599
1640215484;can not bought;48646.20000000;0;0.0020547260757599
1640215484;can not bought;48632.29000000;0;0.0020547260757599
1640215484;can not bought;48592.60000000;0;0.0020547260757599
1640215484;can not bought;48566.36000000;0;0.0020547260757599
1640215484;can not bought;48558.72000000;0;0.0020547260757599
1640215484;can not bought;48640.91000000;0;0.0020547260757599
1640215484;can not bought;48642.45000000;0;0.0020547260757599
1640215484;can not bought;48646.17000000;0;0.0020547260757599
1640215484;can not bought;48619.99000000;0;0.0020547260757599
1640215484;can not bought;48648.50000000;0;0.0020547260757599
1640215484;can not bought;48680.91000000;0;0.0020547260757599
1640215484;can not bought;48653.09000000;0;0.0020547260757599
1640215484;can not bought;48657.69000000;0;0.0020547260757599
1640215484;can not bought;48657.71000000;0;0.0020547260757599
1640215484;can not bought;48610.20000000;0;0.0020547260757599
1640215484;can not bought;48628.39000000;0;0.0020547260757599
1640215484;can not bought;48646.90000000;0;0.0020547260757599
1640215484;can not bought;48636.46000000;0;0.0020547260757599
1640215484;can not bought;48606.06000000;0;0.0020547260757599
1640215484;can not bought;48613.94000000;0;0.0020547260757599
1640215484;can not bought;48652.48000000;0;0.0020547260757599
1640215484;can not bought;48655.13000000;0;0.0020547260757599
1640215484;can not bought;48633.62000000;0;0.0020547260757599
1640215484;can not bought;48646.04000000;0;0.0020547260757599
1640215484;can not bought;48637.13000000;0;0.0020547260757599
1640215484;can not bought;48671.71000000;0;0.0020547260757599
1640215484;can not bought;48601.00000000;0;0.0020547260757599
1640215484;can not bought;48580.00000000;0;0.0020547260757599
1640215484;can not bought;48612.07000000;0;0.0020547260757599
1640215484;can not bought;48609.54000000;0;0.0020547260757599
1640215484;can not bought;48600.00000000;0;0.0020547260757599
1640215484;can not bought;48580.00000000;0;0.0020547260757599
1640215484;can not bought;48601.12000000;0;0.0020547260757599
1640215484;can not bought;48593.02000000;0;0.0020547260757599
1640215484;can not bought;48593.03000000;0;0.0020547260757599
1640215484;can not bought;48594.35000000;0;0.0020547260757599
1640215484;can not bought;48601.83000000;0;0.0020547260757599
1640215484;can not bought;48635.78000000;0;0.0020547260757599
1640215484;can not bought;48647.09000000;0;0.0020547260757599
1640215484;can not bought;48604.12000000;0;0.0020547260757599
1640215484;can not bought;48652.73000000;0;0.0020547260757599
1640215484;can not bought;48667.43000000;0;0.0020547260757599
1640215484;can not bought;48645.25000000;0;0.0020547260757599
1640215484;can not bought;48623.22000000;0;0.0020547260757599
1640215484;can not bought;48636.13000000;0;0.0020547260757599
1640215484;can not bought;48630.51000000;0;0.0020547260757599
1640215484;can not bought;48580.91000000;0;0.0020547260757599
1640215484;can not bought;48555.89000000;0;0.0020547260757599
1640215484;can not bought;48552.60000000;0;0.0020547260757599
1640215484;can not bought;48562.16000000;0;0.0020547260757599
1640215484;can not bought;48533.52000000;0;0.0020547260757599
1640215484;can not bought;48430.17000000;0;0.0020547260757599
1640215484;can not bought;48432.62000000;0;0.0020547260757599
1640215484;can not bought;48468.00000000;0;0.0020547260757599
1640215484;can not bought;48466.78000000;0;0.0020547260757599
1640215484;can not bought;48415.36000000;0;0.0020547260757599
1640215484;can not bought;48418.05000000;0;0.0020547260757599
1640215484;can not bought;48402.98000000;0;0.0020547260757599
1640215484;can not bought;48394.93000000;0;0.0020547260757599
1640215484;can not bought;48430.01000000;0;0.0020547260757599
1640215484;can not bought;48437.27000000;0;0.0020547260757599
1640215484;can not bought;48420.52000000;0;0.0020547260757599
1640215484;can not bought;48406.93000000;0;0.0020547260757599
1640215484;can not bought;48387.54000000;0;0.0020547260757599
1640215484;can not bought;48347.15000000;0;0.0020547260757599
1640215484;can not bought;48399.16000000;0;0.0020547260757599
1640215484;can not bought;48442.50000000;0;0.0020547260757599
1640215484;can not bought;48380.01000000;0;0.0020547260757599
1640215484;can not bought;48375.52000000;0;0.0020547260757599
1640215484;can not bought;48399.99000000;0;0.0020547260757599
1640215484;can not bought;48362.20000000;0;0.0020547260757599
1640215484;can not bought;48301.38000000;0;0.0020547260757599
1640215484;can not bought;48174.35000000;0;0.0020547260757599
1640215484;can not bought;48182.03000000;0;0.0020547260757599
1640215484;can not bought;48179.41000000;0;0.0020547260757599
1640215484;can not bought;48190.00000000;0;0.0020547260757599
1640218823;can not bought;48184.64000000;0;0.0020547260757599
1640218853;can not bought;48159.86000000;0;0.0020547260757599
1640218882;can not bought;48148.99000000;0;0.0020547260757599
1640218912;can not bought;48198.80000000;0;0.0020547260757599
1640218941;can not bought;48226.85000000;0;0.0020547260757599
1640218971;can not bought;48254.27000000;0;0.0020547260757599
1640219000;can not bought;48228.45000000;0;0.0020547260757599
1640219030;can not bought;48150.01000000;0;0.0020547260757599
1640219060;can not bought;48201.08000000;0;0.0020547260757599
1640219089;can not bought;48166.75000000;0;0.0020547260757599
1640219118;can not bought;48145.75000000;0;0.0020547260757599
1640219147;can not bought;48170.01000000;0;0.0020547260757599
1640219177;can not bought;48200.00000000;0;0.0020547260757599
1640219207;can not bought;48214.02000000;0;0.0020547260757599
1640219236;can not bought;48219.94000000;0;0.0020547260757599
1640219266;can not bought;48249.10000000;0;0.0020547260757599
1640219296;can not bought;48230.38000000;0;0.0020547260757599
1640219325;can not bought;48200.00000000;0;0.0020547260757599
1640219355;can not bought;48221.02000000;0;0.0020547260757599
1640219384;can not bought;48210.06000000;0;0.0020547260757599
1640219384;can not bought;48168.21000000;0;0.0020547260757599
1640219384;can not bought;48155.88000000;0;0.0020547260757599
1640219384;can not bought;48143.70000000;0;0.0020547260757599
1640219384;can not bought;48158.40000000;0;0.0020547260757599
1640219384;can not bought;48144.48000000;0;0.0020547260757599
1640219384;can not bought;48143.57000000;0;0.0020547260757599
1640219384;can not bought;48110.00000000;0;0.0020547260757599
1640219384;can not bought;48165.81000000;0;0.0020547260757599
1640219384;can not bought;48149.14000000;0;0.0020547260757599
1640219384;can not bought;48163.92000000;0;0.0020547260757599
1640219384;can not bought;48157.62000000;0;0.0020547260757599
1640219384;can not bought;48131.26000000;0;0.0020547260757599
1640219384;can not bought;48092.42000000;0;0.0020547260757599
1640219384;can not bought;48109.35000000;0;0.0020547260757599
1640219384;can not bought;48145.89000000;0;0.0020547260757599
1640219384;can not bought;48118.85000000;0;0.0020547260757599
1640219384;can not bought;48124.85000000;0;0.0020547260757599
1640219384;can not bought;48105.03000000;0;0.0020547260757599
1640219384;can not bought;48102.09000000;0;0.0020547260757599
1640219384;can not bought;48147.33000000;0;0.0020547260757599
1640219384;can not bought;48165.17000000;0;0.0020547260757599
1640219384;can not bought;48185.72000000;0;0.0020547260757599
1640219384;can not bought;48240.58000000;0;0.0020547260757599
1640219384;can not bought;48275.76000000;0;0.0020547260757599
1640219384;can not bought;48323.95000000;0;0.0020547260757599
1640219384;can not bought;48299.04000000;0;0.0020547260757599
1640219384;can not bought;48286.79000000;0;0.0020547260757599
1640219384;can not bought;48257.21000000;0;0.0020547260757599
1640219384;can not bought;48280.33000000;0;0.0020547260757599
1640219384;can not bought;48272.63000000;0;0.0020547260757599
1640219384;can not bought;48296.90000000;0;0.0020547260757599
1640219384;can not bought;48281.80000000;0;0.0020547260757599
1640219384;can not bought;48328.00000000;0;0.0020547260757599
1640219384;can not bought;48331.00000000;0;0.0020547260757599
1640219384;can not bought;48349.99000000;0;0.0020547260757599
1640219384;can not bought;48330.00000000;0;0.0020547260757599
1640219384;can not bought;48330.28000000;0;0.0020547260757599
1640219384;can not bought;48318.97000000;0;0.0020547260757599
1640219384;can not bought;48352.01000000;0;0.0020547260757599
1640219384;can not bought;48337.07000000;0;0.0020547260757599
1640219384;can not bought;48333.01000000;0;0.0020547260757599
1640219384;can not bought;48304.59000000;0;0.0020547260757599
1640219384;can not bought;48284.52000000;0;0.0020547260757599
1640219384;can not bought;48299.01000000;0;0.0020547260757599
1640219384;can not bought;48318.22000000;0;0.0020547260757599
1640219384;can not bought;48302.55000000;0;0.0020547260757599
1640219384;can not bought;48300.00000000;0;0.0020547260757599
1640219384;can not bought;48333.96000000;0;0.0020547260757599
1640219384;can not bought;48333.40000000;0;0.0020547260757599
1640219384;can not bought;48321.87000000;0;0.0020547260757599
1640219384;can not bought;48318.32000000;0;0.0020547260757599
1640219384;can not bought;48320.57000000;0;0.0020547260757599
1640219384;can not bought;48324.81000000;0;0.0020547260757599
1640219384;can not bought;48251.35000000;0;0.0020547260757599
1640219384;can not bought;48250.01000000;0;0.0020547260757599
1640219384;can not bought;48217.21000000;0;0.0020547260757599
1640219384;can not bought;48221.26000000;0;0.0020547260757599
1640219384;can not bought;48245.45000000;0;0.0020547260757599
1640219384;can not bought;48273.16000000;0;0.0020547260757599
1640219384;can not bought;48255.01000000;0;0.0020547260757599
1640219384;can not bought;48275.67000000;0;0.0020547260757599
1640219384;can not bought;48232.00000000;0;0.0020547260757599
1640219384;can not bought;48224.15000000;0;0.0020547260757599
1640219384;can not bought;48201.02000000;0;0.0020547260757599
1640219384;can not bought;48236.85000000;0;0.0020547260757599
1640219384;can not bought;48261.12000000;0;0.0020547260757599
1640219384;can not bought;48222.20000000;0;0.0020547260757599
1640219384;can not bought;48248.20000000;0;0.0020547260757599
1640219384;can not bought;48252.45000000;0;0.0020547260757599
1640219384;can not bought;48280.49000000;0;0.0020547260757599
1640219384;can not bought;48256.91000000;0;0.0020547260757599
1640219384;can not bought;48251.33000000;0;0.0020547260757599
1640219384;can not bought;48235.96000000;0;0.0020547260757599
1640219384;can not bought;48232.13000000;0;0.0020547260757599
1640219384;can not bought;48230.20000000;0;0.0020547260757599
1640219384;can not bought;48279.99000000;0;0.0020547260757599
1640219384;can not bought;48320.51000000;0;0.0020547260757599
1640219384;can not bought;48363.31000000;0;0.0020547260757599
1640219384;can not bought;48357.99000000;0;0.0020547260757599
1640219384;can not bought;48366.41000000;0;0.0020547260757599
1640219384;can not bought;48373.40000000;0;0.0020547260757599
1640219384;can not bought;48356.31000000;0;0.0020547260757599
1640219384;can not bought;48303.91000000;0;0.0020547260757599
1640219384;can not bought;48262.01000000;0;0.0020547260757599
1640219384;can not bought;48266.91000000;0;0.0020547260757599
1640219384;can not bought;48258.03000000;0;0.0020547260757599
1640219384;can not bought;48291.35000000;0;0.0020547260757599
1640219384;can not bought;48293.70000000;0;0.0020547260757599
1640219384;can not bought;48291.35000000;0;0.0020547260757599
1640219384;can not bought;48260.39000000;0;0.0020547260757599
1640219384;can not bought;48274.94000000;0;0.0020547260757599
1640219384;can not bought;48270.07000000;0;0.0020547260757599
1640219384;can not bought;48306.31000000;0;0.0020547260757599
1640219384;can not bought;48278.27000000;0;0.0020547260757599
1640219384;can not bought;48260.42000000;0;0.0020547260757599
1640219384;can not bought;48243.45000000;0;0.0020547260757599
1640219384;can not bought;48234.00000000;0;0.0020547260757599
1640219384;can not bought;48202.12000000;0;0.0020547260757599
1640219384;can not bought;48206.49000000;0;0.0020547260757599
1640219384;can not bought;48144.55000000;0;0.0020547260757599
1640219384;can not bought;48141.56000000;0;0.0020547260757599
1640219384;can not bought;48172.76000000;0;0.0020547260757599
1640219384;can not bought;48103.99000000;0;0.0020547260757599
1640219384;can not bought;48086.35000000;0;0.0020547260757599
1640219384;can not bought;48099.50000000;0;0.0020547260757599
1640219384;can not bought;48109.77000000;0;0.0020547260757599
1640219384;can not bought;48096.71000000;0;0.0020547260757599
1640219384;can not bought;48114.31000000;0;0.0020547260757599
1640219384;can not bought;48161.52000000;0;0.0020547260757599
1640219384;can not bought;48129.52000000;0;0.0020547260757599
1640219384;can not bought;48130.94000000;0;0.0020547260757599
1640219384;can not bought;48161.12000000;0;0.0020547260757599
1640219384;can not bought;48171.75000000;0;0.0020547260757599
1640219384;can not bought;48202.37000000;0;0.0020547260757599
1640219384;can not bought;48240.62000000;0;0.0020547260757599
1640219384;can not bought;48264.90000000;0;0.0020547260757599
1640219384;can not bought;48282.92000000;0;0.0020547260757599
1640219384;can not bought;48269.33000000;0;0.0020547260757599
1640219384;can not bought;48267.17000000;0;0.0020547260757599
1640219384;can not bought;48277.90000000;0;0.0020547260757599
1640219384;can not bought;48300.01000000;0;0.0020547260757599
1640219384;can not bought;48303.61000000;0;0.0020547260757599
1640219384;can not bought;48326.97000000;0;0.0020547260757599
1640219384;can not bought;48317.40000000;0;0.0020547260757599
1640219384;can not bought;48331.76000000;0;0.0020547260757599
1640219384;can not bought;48329.09000000;0;0.0020547260757599
1640219384;can not bought;48349.79000000;0;0.0020547260757599
1640219384;can not bought;48334.24000000;0;0.0020547260757599
1640219384;can not bought;48304.54000000;0;0.0020547260757599
1640219384;can not bought;48313.89000000;0;0.0020547260757599
1640219384;can not bought;48326.01000000;0;0.0020547260757599
1640219384;can not bought;48327.70000000;0;0.0020547260757599
1640219384;can not bought;48329.00000000;0;0.0020547260757599
1640219384;can not bought;48336.26000000;0;0.0020547260757599
1640219384;can not bought;48350.93000000;0;0.0020547260757599
1640219384;can not bought;48370.77000000;0;0.0020547260757599
1640219384;can not bought;48351.76000000;0;0.0020547260757599
1640219384;can not bought;48340.35000000;0;0.0020547260757599
1640219384;can not bought;48354.35000000;0;0.0020547260757599
1640219384;can not bought;48344.87000000;0;0.0020547260757599
1640219384;can not bought;48315.23000000;0;0.0020547260757599
1640219384;can not bought;48310.37000000;0;0.0020547260757599
1640219384;can not bought;48350.78000000;0;0.0020547260757599
1640219384;can not bought;48352.43000000;0;0.0020547260757599
1640219384;can not bought;48324.96000000;0;0.0020547260757599
1640219384;can not bought;48310.38000000;0;0.0020547260757599
1640219384;can not bought;48320.14000000;0;0.0020547260757599
1640219384;can not bought;48339.49000000;0;0.0020547260757599
1640219384;can not bought;48343.91000000;0;0.0020547260757599
1640219384;can not bought;48341.81000000;0;0.0020547260757599
1640219384;can not bought;48344.84000000;0;0.0020547260757599
1640219384;can not bought;48380.77000000;0;0.0020547260757599
1640219384;can not bought;48372.17000000;0;0.0020547260757599
1640219384;can not bought;48364.96000000;0;0.0020547260757599
1640219384;can not bought;48386.27000000;0;0.0020547260757599
1640219384;can not bought;48407.00000000;0;0.0020547260757599
1640219384;can not bought;48392.47000000;0;0.0020547260757599
1640219384;can not bought;48399.98000000;0;0.0020547260757599
1640219384;can not bought;48392.16000000;0;0.0020547260757599
1640219384;can not bought;48396.41000000;0;0.0020547260757599
1640219384;can not bought;48404.55000000;0;0.0020547260757599
1640219384;can not bought;48420.00000000;0;0.0020547260757599
1640219384;can not bought;48409.40000000;0;0.0020547260757599
1640219384;can not bought;48405.43000000;0;0.0020547260757599
1640219384;can not bought;48428.99000000;0;0.0020547260757599
1640219384;can not bought;48417.01000000;0;0.0020547260757599
1640219384;can not bought;48430.01000000;0;0.0020547260757599
1640219384;can not bought;48418.70000000;0;0.0020547260757599
1640219384;can not bought;48412.76000000;0;0.0020547260757599
1640219384;can not bought;48421.00000000;0;0.0020547260757599
1640219384;can not bought;48415.99000000;0;0.0020547260757599
1640219384;can not bought;48422.89000000;0;0.0020547260757599
1640219384;can not bought;48425.20000000;0;0.0020547260757599
1640219384;can not bought;48444.09000000;0;0.0020547260757599
1640219384;can not bought;48459.95000000;0;0.0020547260757599
1640219384;can not bought;48477.66000000;0;0.0020547260757599
1640219384;can not bought;48460.29000000;0;0.0020547260757599
1640219384;can not bought;48461.11000000;0;0.0020547260757599
1640219384;can not bought;48455.21000000;0;0.0020547260757599
1640219384;can not bought;48470.00000000;0;0.0020547260757599
1640219384;can not bought;48474.71000000;0;0.0020547260757599
1640219384;can not bought;48460.43000000;0;0.0020547260757599
1640219384;can not bought;48469.13000000;0;0.0020547260757599
1640219384;can not bought;48450.29000000;0;0.0020547260757599
1640219384;can not bought;48408.02000000;0;0.0020547260757599
1640219384;can not bought;48406.79000000;0;0.0020547260757599
1640219384;can not bought;48393.26000000;0;0.0020547260757599
1640219384;can not bought;48363.91000000;0;0.0020547260757599
1640219384;can not bought;48384.66000000;0;0.0020547260757599
1640219384;can not bought;48390.48000000;0;0.0020547260757599
1640219384;can not bought;48389.00000000;0;0.0020547260757599
1640219384;can not bought;48414.99000000;0;0.0020547260757599
1640219384;can not bought;48414.99000000;0;0.0020547260757599
1640219384;can not bought;48403.32000000;0;0.0020547260757599
1640219384;can not bought;48419.99000000;0;0.0020547260757599
1640219384;can not bought;48422.45000000;0;0.0020547260757599
1640219384;can not bought;48426.24000000;0;0.0020547260757599
1640219384;can not bought;48413.41000000;0;0.0020547260757599
1640219384;can not bought;48423.05000000;0;0.0020547260757599
1640219384;can not bought;48454.35000000;0;0.0020547260757599
1640219384;can not bought;48468.75000000;0;0.0020547260757599
1640219384;can not bought;48472.16000000;0;0.0020547260757599
1640219384;can not bought;48545.43000000;0;0.0020547260757599
1640219384;can not bought;48559.79000000;0;0.0020547260757599
1640219384;can not bought;48556.91000000;0;0.0020547260757599
1640219384;can not bought;48573.99000000;0;0.0020547260757599
1640219384;can not bought;48610.32000000;0;0.0020547260757599
1640219384;can not bought;48624.42000000;0;0.0020547260757599
1640219384;can not bought;48619.26000000;0;0.0020547260757599
1640219384;can not bought;48610.05000000;0;0.0020547260757599
1640219384;can not bought;48613.41000000;0;0.0020547260757599
1640219384;can not bought;48598.35000000;0;0.0020547260757599
1640219384;can not bought;48599.78000000;0;0.0020547260757599
1640219384;can not bought;48636.39000000;0;0.0020547260757599
1640219384;can not bought;48656.19000000;0;0.0020547260757599
1640219384;can not bought;48666.82000000;0;0.0020547260757599
1640219384;can not bought;48694.00000000;0;0.0020547260757599
1640219384;can not bought;48722.75000000;0;0.0020547260757599
1640219384;can not bought;48650.37000000;0;0.0020547260757599
1640219384;can not bought;48656.01000000;0;0.0020547260757599
1640219384;can not bought;48610.72000000;0;0.0020547260757599
1640219384;can not bought;48643.93000000;0;0.0020547260757599
1640219384;can not bought;48632.52000000;0;0.0020547260757599
1640219384;can not bought;48572.89000000;0;0.0020547260757599
1640219384;can not bought;48597.51000000;0;0.0020547260757599
1640219384;can not bought;48604.00000000;0;0.0020547260757599
1640219384;can not bought;48617.08000000;0;0.0020547260757599
1640219384;can not bought;48617.40000000;0;0.0020547260757599
1640219384;can not bought;48609.78000000;0;0.0020547260757599
1640219384;can not bought;48600.00000000;0;0.0020547260757599
1640219384;can not bought;48600.24000000;0;0.0020547260757599
1640219384;can not bought;48620.82000000;0;0.0020547260757599
1640219384;can not bought;48601.48000000;0;0.0020547260757599
1640219384;can not bought;48621.41000000;0;0.0020547260757599
1640219384;can not bought;48592.86000000;0;0.0020547260757599
1640219384;can not bought;48587.08000000;0;0.0020547260757599
1640219384;can not bought;48615.72000000;0;0.0020547260757599
1640219384;can not bought;48599.21000000;0;0.0020547260757599
1640219384;can not bought;48599.20000000;0;0.0020547260757599
1640219384;can not bought;48603.57000000;0;0.0020547260757599
1640219384;can not bought;48594.00000000;0;0.0020547260757599
1640219384;can not bought;48601.04000000;0;0.0020547260757599
1640219384;can not bought;48627.69000000;0;0.0020547260757599
1640219384;can not bought;48627.69000000;0;0.0020547260757599
1640219384;can not bought;48603.93000000;0;0.0020547260757599
1640219384;can not bought;48603.37000000;0;0.0020547260757599
1640219384;can not bought;48597.96000000;0;0.0020547260757599
1640219384;can not bought;48586.85000000;0;0.0020547260757599
1640219384;can not bought;48627.13000000;0;0.0020547260757599
1640219384;can not bought;48680.07000000;0;0.0020547260757599
1640219384;can not bought;48707.05000000;0;0.0020547260757599
1640219384;can not bought;48686.80000000;0;0.0020547260757599
1640219384;can not bought;48700.00000000;0;0.0020547260757599
1640219384;can not bought;48672.76000000;0;0.0020547260757599
1640219384;can not bought;48638.30000000;0;0.0020547260757599
1640219384;can not bought;48644.99000000;0;0.0020547260757599
1640219384;can not bought;48637.10000000;0;0.0020547260757599
1640219384;can not bought;48628.22000000;0;0.0020547260757599
1640219384;can not bought;48623.78000000;0;0.0020547260757599
1640219384;can not bought;48639.17000000;0;0.0020547260757599
1640219384;can not bought;48633.00000000;0;0.0020547260757599
1640219384;can not bought;48633.78000000;0;0.0020547260757599
1640219384;can not bought;48644.27000000;0;0.0020547260757599
1640219384;can not bought;48645.46000000;0;0.0020547260757599
1640219384;can not bought;48620.69000000;0;0.0020547260757599
1640219384;can not bought;48633.25000000;0;0.0020547260757599
1640219384;can not bought;48622.10000000;0;0.0020547260757599
1640219384;can not bought;48620.28000000;0;0.0020547260757599
1640219384;can not bought;48616.45000000;0;0.0020547260757599
1640219384;can not bought;48608.01000000;0;0.0020547260757599
1640219384;can not bought;48617.47000000;0;0.0020547260757599
1640219384;can not bought;48612.99000000;0;0.0020547260757599
1640219384;can not bought;48614.20000000;0;0.0020547260757599
1640219384;can not bought;48605.97000000;0;0.0020547260757599
1640219384;can not bought;48564.60000000;0;0.0020547260757599
1640219384;can not bought;48535.35000000;0;0.0020547260757599
1640219384;can not bought;48555.72000000;0;0.0020547260757599
1640219384;can not bought;48553.00000000;0;0.0020547260757599
1640219384;can not bought;48582.95000000;0;0.0020547260757599
1640219384;can not bought;48554.23000000;0;0.0020547260757599
1640219384;can not bought;48553.00000000;0;0.0020547260757599
1640219384;can not bought;48521.63000000;0;0.0020547260757599
1640219384;can not bought;48514.94000000;0;0.0020547260757599
1640219384;can not bought;48501.01000000;0;0.0020547260757599
1640219384;can not bought;48499.54000000;0;0.0020547260757599
1640219384;can not bought;48489.78000000;0;0.0020547260757599
1640219384;can not bought;48489.78000000;0;0.0020547260757599
1640219384;can not bought;48498.17000000;0;0.0020547260757599
1640219384;can not bought;48503.47000000;0;0.0020547260757599
1640219384;can not bought;48499.99000000;0;0.0020547260757599
1640219384;can not bought;48471.46000000;0;0.0020547260757599
1640219384;can not bought;48488.38000000;0;0.0020547260757599
1640219384;can not bought;48493.03000000;0;0.0020547260757599
1640219384;can not bought;48482.00000000;0;0.0020547260757599
1640219384;can not bought;48450.93000000;0;0.0020547260757599
1640219384;can not bought;48457.00000000;0;0.0020547260757599
1640219384;can not bought;48448.53000000;0;0.0020547260757599
1640219384;can not bought;48434.68000000;0;0.0020547260757599
1640219384;can not bought;48398.90000000;0;0.0020547260757599
1640219384;can not bought;48394.04000000;0;0.0020547260757599
1640219384;can not bought;48400.00000000;0;0.0020547260757599
1640219384;can not bought;48389.34000000;0;0.0020547260757599
1640219384;can not bought;48324.34000000;0;0.0020547260757599
1640219384;can not bought;48354.72000000;0;0.0020547260757599
1640219384;can not bought;48363.03000000;0;0.0020547260757599
1640219384;can not bought;48368.99000000;0;0.0020547260757599
1640219384;can not bought;48397.95000000;0;0.0020547260757599
1640219384;can not bought;48404.80000000;0;0.0020547260757599
1640219384;can not bought;48403.86000000;0;0.0020547260757599
1640219384;can not bought;48406.45000000;0;0.0020547260757599
1640219384;can not bought;48390.92000000;0;0.0020547260757599
1640219384;can not bought;48360.01000000;0;0.0020547260757599
1640219384;can not bought;48356.00000000;0;0.0020547260757599
1640219384;can not bought;48326.54000000;0;0.0020547260757599
1640219384;can not bought;48327.76000000;0;0.0020547260757599
1640219384;can not bought;48329.42000000;0;0.0020547260757599
1640219384;can not bought;48305.36000000;0;0.0020547260757599
1640219384;can not bought;48309.98000000;0;0.0020547260757599
1640219384;can not bought;48341.97000000;0;0.0020547260757599
1640219384;can not bought;48347.47000000;0;0.0020547260757599
1640219384;can not bought;48360.03000000;0;0.0020547260757599
1640219384;can not bought;48324.95000000;0;0.0020547260757599
1640219384;can not bought;48310.00000000;0;0.0020547260757599
1640219384;can not bought;48298.99000000;0;0.0020547260757599
1640219384;can not bought;48298.18000000;0;0.0020547260757599
1640219384;can not bought;48275.69000000;0;0.0020547260757599
1640219384;can not bought;48270.02000000;0;0.0020547260757599
1640219384;can not bought;48265.00000000;0;0.0020547260757599
1640219384;can not bought;48287.27000000;0;0.0020547260757599
1640219384;can not bought;48294.81000000;0;0.0020547260757599
1640219384;can not bought;48296.22000000;0;0.0020547260757599
1640219384;can not bought;48308.99000000;0;0.0020547260757599
1640219384;can not bought;48294.81000000;0;0.0020547260757599
1640219384;can not bought;48281.30000000;0;0.0020547260757599
1640219384;can not bought;48252.91000000;0;0.0020547260757599
1640219384;can not bought;48251.82000000;0;0.0020547260757599
1640219384;can not bought;48243.23000000;0;0.0020547260757599
1640219384;can not bought;48259.23000000;0;0.0020547260757599
1640219384;can not bought;48248.69000000;0;0.0020547260757599
1640219384;can not bought;48240.85000000;0;0.0020547260757599
1640219384;can not bought;48244.21000000;0;0.0020547260757599
1640219384;can not bought;48217.42000000;0;0.0020547260757599
1640219384;can not bought;48220.37000000;0;0.0020547260757599
1640219384;can not bought;48235.80000000;0;0.0020547260757599
1640219384;can not bought;48248.18000000;0;0.0020547260757599
1640219384;can not bought;48251.50000000;0;0.0020547260757599
1640219384;can not bought;48227.94000000;0;0.0020547260757599
1640219384;can not bought;48251.61000000;0;0.0020547260757599
1640219384;can not bought;48287.26000000;0;0.0020547260757599
1640219384;can not bought;48309.31000000;0;0.0020547260757599
1640219384;can not bought;48303.53000000;0;0.0020547260757599
1640219384;can not bought;48310.73000000;0;0.0020547260757599
1640219384;can not bought;48309.31000000;0;0.0020547260757599
1640219384;can not bought;48318.99000000;0;0.0020547260757599
1640219384;can not bought;48309.32000000;0;0.0020547260757599
1640219384;can not bought;48312.94000000;0;0.0020547260757599
1640219384;can not bought;48263.02000000;0;0.0020547260757599
1640219384;can not bought;48276.32000000;0;0.0020547260757599
1640219384;can not bought;48264.04000000;0;0.0020547260757599
1640219384;can not bought;48267.97000000;0;0.0020547260757599
1640219384;can not bought;48277.00000000;0;0.0020547260757599
1640219384;can not bought;48291.25000000;0;0.0020547260757599
1640219384;can not bought;48308.00000000;0;0.0020547260757599
1640219384;can not bought;48327.94000000;0;0.0020547260757599
1640219384;can not bought;48344.76000000;0;0.0020547260757599
1640219384;can not bought;48346.19000000;0;0.0020547260757599
1640219384;can not bought;48342.66000000;0;0.0020547260757599
1640219384;can not bought;48342.65000000;0;0.0020547260757599
1640219384;can not bought;48352.54000000;0;0.0020547260757599
1640219384;can not bought;48351.43000000;0;0.0020547260757599
1640219384;can not bought;48336.51000000;0;0.0020547260757599
1640219384;can not bought;48331.53000000;0;0.0020547260757599
1640219384;can not bought;48344.60000000;0;0.0020547260757599
1640219384;can not bought;48343.40000000;0;0.0020547260757599
1640219384;can not bought;48346.38000000;0;0.0020547260757599
1640219384;can not bought;48394.02000000;0;0.0020547260757599
1640219384;can not bought;48399.99000000;0;0.0020547260757599
1640219384;can not bought;48406.12000000;0;0.0020547260757599
1640219384;can not bought;48422.81000000;0;0.0020547260757599
1640219384;can not bought;48421.87000000;0;0.0020547260757599
1640219384;can not bought;48419.93000000;0;0.0020547260757599
1640219384;can not bought;48392.62000000;0;0.0020547260757599
1640219384;can not bought;48392.01000000;0;0.0020547260757599
1640219384;can not bought;48390.01000000;0;0.0020547260757599
1640219384;can not bought;48422.62000000;0;0.0020547260757599
1640219384;can not bought;48420.72000000;0;0.0020547260757599
1640219384;can not bought;48429.59000000;0;0.0020547260757599
1640219384;can not bought;48428.47000000;0;0.0020547260757599
1640219384;can not bought;48430.99000000;0;0.0020547260757599
1640219384;can not bought;48428.93000000;0;0.0020547260757599
1640219384;can not bought;48406.96000000;0;0.0020547260757599
1640219384;can not bought;48400.01000000;0;0.0020547260757599
1640219384;can not bought;48378.58000000;0;0.0020547260757599
1640219384;can not bought;48399.97000000;0;0.0020547260757599
1640219384;can not bought;48390.47000000;0;0.0020547260757599
1640219384;can not bought;48391.04000000;0;0.0020547260757599
1640219384;can not bought;48424.11000000;0;0.0020547260757599
1640219384;can not bought;48426.08000000;0;0.0020547260757599
1640219384;can not bought;48398.40000000;0;0.0020547260757599
1640219384;can not bought;48442.85000000;0;0.0020547260757599
1640219384;can not bought;48432.96000000;0;0.0020547260757599
1640219384;can not bought;48407.22000000;0;0.0020547260757599
1640219384;can not bought;48401.00000000;0;0.0020547260757599
1640219384;can not bought;48401.44000000;0;0.0020547260757599
1640219384;can not bought;48444.76000000;0;0.0020547260757599
1640219384;can not bought;48470.84000000;0;0.0020547260757599
1640219384;can not bought;48494.29000000;0;0.0020547260757599
1640219384;can not bought;48492.34000000;0;0.0020547260757599
1640219384;can not bought;48499.97000000;0;0.0020547260757599
1640219384;can not bought;48509.38000000;0;0.0020547260757599
1640219384;can not bought;48503.38000000;0;0.0020547260757599
1640219384;can not bought;48481.29000000;0;0.0020547260757599
1640219384;can not bought;48483.64000000;0;0.0020547260757599
1640219384;can not bought;48500.32000000;0;0.0020547260757599
1640219384;can not bought;48554.99000000;0;0.0020547260757599
1640219384;can not bought;48535.42000000;0;0.0020547260757599
1640219384;can not bought;48514.27000000;0;0.0020547260757599
1640219384;can not bought;48531.99000000;0;0.0020547260757599
1640219384;can not bought;48532.60000000;0;0.0020547260757599
1640219384;can not bought;48538.82000000;0;0.0020547260757599
1640219384;can not bought;48542.05000000;0;0.0020547260757599
1640219384;can not bought;48538.84000000;0;0.0020547260757599
1640219384;can not bought;48535.71000000;0;0.0020547260757599
1640219384;can not bought;48534.99000000;0;0.0020547260757599
1640219384;can not bought;48524.20000000;0;0.0020547260757599
1640219384;can not bought;48518.96000000;0;0.0020547260757599
1640219384;can not bought;48501.60000000;0;0.0020547260757599
1640219384;can not bought;48502.67000000;0;0.0020547260757599
1640219384;can not bought;48535.81000000;0;0.0020547260757599
1640219384;can not bought;48538.68000000;0;0.0020547260757599
1640219384;can not bought;48550.00000000;0;0.0020547260757599
1640219384;can not bought;48533.84000000;0;0.0020547260757599
1640219384;can not bought;48540.04000000;0;0.0020547260757599
1640219384;can not bought;48513.85000000;0;0.0020547260757599
1640219384;can not bought;48509.19000000;0;0.0020547260757599
1640219384;can not bought;48528.41000000;0;0.0020547260757599
1640219384;can not bought;48543.52000000;0;0.0020547260757599
1640219384;can not bought;48523.63000000;0;0.0020547260757599
1640219384;can not bought;48517.83000000;0;0.0020547260757599
1640219384;can not bought;48539.04000000;0;0.0020547260757599
1640219384;can not bought;48536.41000000;0;0.0020547260757599
1640219384;can not bought;48524.75000000;0;0.0020547260757599
1640219384;can not bought;48535.84000000;0;0.0020547260757599
1640219384;can not bought;48523.46000000;0;0.0020547260757599
1640219384;can not bought;48515.01000000;0;0.0020547260757599
1640219384;can not bought;48495.28000000;0;0.0020547260757599
1640219384;can not bought;48491.79000000;0;0.0020547260757599
1640219384;can not bought;48490.82000000;0;0.0020547260757599
1640219384;can not bought;48464.27000000;0;0.0020547260757599
1640219384;can not bought;48475.83000000;0;0.0020547260757599
1640219384;can not bought;48475.83000000;0;0.0020547260757599
1640219384;can not bought;48457.59000000;0;0.0020547260757599
1640219384;can not bought;48470.41000000;0;0.0020547260757599
1640219384;can not bought;48481.58000000;0;0.0020547260757599
1640219384;can not bought;48468.30000000;0;0.0020547260757599
1640219384;can not bought;48463.60000000;0;0.0020547260757599
1640219384;can not bought;48473.18000000;0;0.0020547260757599
1640219384;can not bought;48466.07000000;0;0.0020547260757599
1640219384;can not bought;48474.98000000;0;0.0020547260757599
1640219384;can not bought;48466.24000000;0;0.0020547260757599
1640219384;can not bought;48481.57000000;0;0.0020547260757599
1640219384;can not bought;48473.98000000;0;0.0020547260757599
1640219384;can not bought;48499.98000000;0;0.0020547260757599
1640219384;can not bought;48502.10000000;0;0.0020547260757599
1640219384;can not bought;48511.79000000;0;0.0020547260757599
1640219384;can not bought;48507.95000000;0;0.0020547260757599
1640219384;can not bought;48517.75000000;0;0.0020547260757599
1640219384;can not bought;48532.03000000;0;0.0020547260757599
1640219384;can not bought;48518.59000000;0;0.0020547260757599
1640219384;can not bought;48518.52000000;0;0.0020547260757599
1640219384;can not bought;48531.74000000;0;0.0020547260757599
1640219384;can not bought;48545.88000000;0;0.0020547260757599
1640219384;can not bought;48538.12000000;0;0.0020547260757599
1640219384;can not bought;48532.58000000;0;0.0020547260757599
1640219384;can not bought;48539.93000000;0;0.0020547260757599
1640219384;can not bought;48558.81000000;0;0.0020547260757599
1640219384;can not bought;48558.81000000;0;0.0020547260757599
1640219384;can not bought;48543.80000000;0;0.0020547260757599
1640219384;can not bought;48529.48000000;0;0.0020547260757599
1640219384;can not bought;48537.31000000;0;0.0020547260757599
1640219384;can not bought;48566.33000000;0;0.0020547260757599
1640219384;can not bought;48573.80000000;0;0.0020547260757599
1640219384;can not bought;48545.27000000;0;0.0020547260757599
1640219384;can not bought;48560.40000000;0;0.0020547260757599
1640219384;can not bought;48545.02000000;0;0.0020547260757599
1640219384;can not bought;48550.00000000;0;0.0020547260757599
1640219384;can not bought;48546.44000000;0;0.0020547260757599
1640219384;can not bought;48540.00000000;0;0.0020547260757599
1640219384;can not bought;48541.04000000;0;0.0020547260757599
1640219384;can not bought;48547.40000000;0;0.0020547260757599
1640219384;can not bought;48533.85000000;0;0.0020547260757599
1640219384;can not bought;48530.01000000;0;0.0020547260757599
1640219384;can not bought;48552.84000000;0;0.0020547260757599
1640219384;can not bought;48544.11000000;0;0.0020547260757599
1640219384;can not bought;48525.95000000;0;0.0020547260757599
1640219384;can not bought;48529.02000000;0;0.0020547260757599
1640219384;can not bought;48528.60000000;0;0.0020547260757599
1640219384;can not bought;48520.00000000;0;0.0020547260757599
1640219384;can not bought;48523.01000000;0;0.0020547260757599
1640219384;can not bought;48523.01000000;0;0.0020547260757599
1640219384;can not bought;48523.01000000;0;0.0020547260757599
1640219384;can not bought;48532.62000000;0;0.0020547260757599
1640219384;can not bought;48535.00000000;0;0.0020547260757599
1640219384;can not bought;48520.03000000;0;0.0020547260757599
1640219384;can not bought;48509.20000000;0;0.0020547260757599
1640219384;can not bought;48508.33000000;0;0.0020547260757599
1640219384;can not bought;48515.45000000;0;0.0020547260757599
1640219384;can not bought;48514.08000000;0;0.0020547260757599
1640219384;can not bought;48506.23000000;0;0.0020547260757599
1640219384;can not bought;48520.92000000;0;0.0020547260757599
1640219384;can not bought;48512.80000000;0;0.0020547260757599
1640219384;can not bought;48533.44000000;0;0.0020547260757599
1640219384;can not bought;48529.58000000;0;0.0020547260757599
1640219384;can not bought;48546.94000000;0;0.0020547260757599
1640219384;can not bought;48536.76000000;0;0.0020547260757599
1640219384;can not bought;48523.89000000;0;0.0020547260757599
1640219384;can not bought;48535.27000000;0;0.0020547260757599
1640219384;can not bought;48530.00000000;0;0.0020547260757599
1640219384;can not bought;48512.40000000;0;0.0020547260757599
1640219384;can not bought;48478.46000000;0;0.0020547260757599
1640219384;can not bought;48490.00000000;0;0.0020547260757599
1640219384;can not bought;48496.91000000;0;0.0020547260757599
1640219384;can not bought;48476.41000000;0;0.0020547260757599
1640219384;can not bought;48473.15000000;0;0.0020547260757599
1640219384;can not bought;48454.78000000;0;0.0020547260757599
1640219384;can not bought;48444.01000000;0;0.0020547260757599
1640219384;can not bought;48438.30000000;0;0.0020547260757599
1640219384;can not bought;48445.26000000;0;0.0020547260757599
1640219384;can not bought;48441.98000000;0;0.0020547260757599
1640219384;can not bought;48448.12000000;0;0.0020547260757599
1640219384;can not bought;48440.00000000;0;0.0020547260757599
1640219384;can not bought;48408.82000000;0;0.0020547260757599
1640219384;can not bought;48385.70000000;0;0.0020547260757599
1640219384;can not bought;48392.31000000;0;0.0020547260757599
1640219384;can not bought;48392.31000000;0;0.0020547260757599
1640219384;can not bought;48395.73000000;0;0.0020547260757599
1640219384;can not bought;48409.42000000;0;0.0020547260757599
1640219384;can not bought;48400.05000000;0;0.0020547260757599
1640219384;can not bought;48405.31000000;0;0.0020547260757599
1640219384;can not bought;48373.15000000;0;0.0020547260757599
1640219384;can not bought;48376.69000000;0;0.0020547260757599
1640219384;can not bought;48368.67000000;0;0.0020547260757599
1640219384;can not bought;48360.10000000;0;0.0020547260757599
1640219384;can not bought;48361.08000000;0;0.0020547260757599
1640219384;can not bought;48348.78000000;0;0.0020547260757599
1640219384;can not bought;48356.01000000;0;0.0020547260757599
1640219384;can not bought;48365.71000000;0;0.0020547260757599
1640219384;can not bought;48376.67000000;0;0.0020547260757599
1640219384;can not bought;48382.94000000;0;0.0020547260757599
1640219384;can not bought;48384.54000000;0;0.0020547260757599
1640219384;can not bought;48395.69000000;0;0.0020547260757599
1640219384;can not bought;48409.22000000;0;0.0020547260757599
1640219384;can not bought;48412.40000000;0;0.0020547260757599
1640219384;can not bought;48420.69000000;0;0.0020547260757599
1640219384;can not bought;48405.25000000;0;0.0020547260757599
1640219384;can not bought;48400.00000000;0;0.0020547260757599
1640219384;can not bought;48431.78000000;0;0.0020547260757599
1640219384;can not bought;48437.04000000;0;0.0020547260757599
1640219384;can not bought;48446.49000000;0;0.0020547260757599
1640219384;can not bought;48447.98000000;0;0.0020547260757599
1640219384;can not bought;48457.20000000;0;0.0020547260757599
1640219384;can not bought;48462.53000000;0;0.0020547260757599
1640219384;can not bought;48477.39000000;0;0.0020547260757599
1640219384;can not bought;48500.00000000;0;0.0020547260757599
1640219384;can not bought;48477.71000000;0;0.0020547260757599
1640219384;can not bought;48487.70000000;0;0.0020547260757599
1640219384;can not bought;48493.27000000;0;0.0020547260757599
1640219384;can not bought;48493.94000000;0;0.0020547260757599
1640219384;can not bought;48476.01000000;0;0.0020547260757599
1640219384;can not bought;48517.89000000;0;0.0020547260757599
1640219384;can not bought;48521.25000000;0;0.0020547260757599
1640219384;can not bought;48551.89000000;0;0.0020547260757599
1640219384;can not bought;48543.17000000;0;0.0020547260757599
1640219384;can not bought;48556.30000000;0;0.0020547260757599
1640219384;can not bought;48543.50000000;0;0.0020547260757599
1640219384;can not bought;48526.03000000;0;0.0020547260757599
1640219384;can not bought;48527.01000000;0;0.0020547260757599
1640219384;can not bought;48538.03000000;0;0.0020547260757599
1640219384;can not bought;48537.79000000;0;0.0020547260757599
1640219384;can not bought;48520.32000000;0;0.0020547260757599
1640219384;can not bought;48510.92000000;0;0.0020547260757599
1640219384;can not bought;48513.46000000;0;0.0020547260757599
1640219384;can not bought;48502.45000000;0;0.0020547260757599
1640219384;can not bought;48494.87000000;0;0.0020547260757599
1640219384;can not bought;48494.80000000;0;0.0020547260757599
1640219384;can not bought;48496.67000000;0;0.0020547260757599
1640219384;can not bought;48491.42000000;0;0.0020547260757599
1640219384;can not bought;48474.31000000;0;0.0020547260757599
1640219384;can not bought;48481.54000000;0;0.0020547260757599
1640219384;can not bought;48474.32000000;0;0.0020547260757599
1640219384;can not bought;48507.97000000;0;0.0020547260757599
1640219384;can not bought;48479.00000000;0;0.0020547260757599
1640219384;can not bought;48478.51000000;0;0.0020547260757599
1640219384;can not bought;48454.11000000;0;0.0020547260757599
1640219384;can not bought;48436.26000000;0;0.0020547260757599
1640219384;can not bought;48433.12000000;0;0.0020547260757599
1640219384;can not bought;48434.20000000;0;0.0020547260757599
1640219384;can not bought;48435.71000000;0;0.0020547260757599
1640219384;can not bought;48435.10000000;0;0.0020547260757599
1640219384;can not bought;48429.11000000;0;0.0020547260757599
1640219384;can not bought;48441.84000000;0;0.0020547260757599
1640219384;can not bought;48424.03000000;0;0.0020547260757599
1640219384;can not bought;48429.09000000;0;0.0020547260757599
1640219384;can not bought;48409.98000000;0;0.0020547260757599
1640219384;can not bought;48409.98000000;0;0.0020547260757599
1640219384;can not bought;48449.00000000;0;0.0020547260757599
1640219384;can not bought;48432.90000000;0;0.0020547260757599
1640219384;can not bought;48436.01000000;0;0.0020547260757599
1640219384;can not bought;48443.82000000;0;0.0020547260757599
1640219384;can not bought;48432.06000000;0;0.0020547260757599
1640219384;can not bought;48432.05000000;0;0.0020547260757599
1640219384;can not bought;48459.00000000;0;0.0020547260757599
1640219384;can not bought;48488.14000000;0;0.0020547260757599
1640219384;can not bought;48485.71000000;0;0.0020547260757599
1640219384;can not bought;48492.61000000;0;0.0020547260757599
1640219384;can not bought;48497.42000000;0;0.0020547260757599
1640219384;can not bought;48487.96000000;0;0.0020547260757599
1640219384;can not bought;48423.71000000;0;0.0020547260757599
1640219384;can not bought;48368.37000000;0;0.0020547260757599
1640219384;can not bought;48353.49000000;0;0.0020547260757599
1640219384;can not bought;48338.36000000;0;0.0020547260757599
1640219384;can not bought;48338.35000000;0;0.0020547260757599
1640219384;can not bought;48364.17000000;0;0.0020547260757599
1640219384;can not bought;48368.20000000;0;0.0020547260757599
1640219384;can not bought;48364.11000000;0;0.0020547260757599
1640219384;can not bought;48382.93000000;0;0.0020547260757599
1640219384;can not bought;48369.50000000;0;0.0020547260757599
1640219384;can not bought;48350.55000000;0;0.0020547260757599
1640219384;can not bought;48337.99000000;0;0.0020547260757599
1640219384;can not bought;48327.85000000;0;0.0020547260757599
1640219384;can not bought;48326.99000000;0;0.0020547260757599
1640219384;can not bought;48352.00000000;0;0.0020547260757599
1640219384;can not bought;48351.98000000;0;0.0020547260757599
1640219384;can not bought;48320.01000000;0;0.0020547260757599
1640219384;can not bought;48294.31000000;0;0.0020547260757599
1640219384;can not bought;48275.01000000;0;0.0020547260757599
1640219384;can not bought;48270.38000000;0;0.0020547260757599
1640219384;can not bought;48279.08000000;0;0.0020547260757599
1640219384;can not bought;48272.27000000;0;0.0020547260757599
1640219384;can not bought;48285.45000000;0;0.0020547260757599
1640219384;can not bought;48287.56000000;0;0.0020547260757599
1640219384;can not bought;48298.56000000;0;0.0020547260757599
1640219384;can not bought;48304.10000000;0;0.0020547260757599
1640219384;can not bought;48268.79000000;0;0.0020547260757599
1640219384;can not bought;48262.83000000;0;0.0020547260757599
1640219384;can not bought;48266.67000000;0;0.0020547260757599
1640219384;can not bought;48265.76000000;0;0.0020547260757599
1640219384;can not bought;48262.05000000;0;0.0020547260757599
1640219384;can not bought;48264.32000000;0;0.0020547260757599
1640219384;can not bought;48257.38000000;0;0.0020547260757599
1640219384;can not bought;48282.38000000;0;0.0020547260757599
1640219384;can not bought;48281.83000000;0;0.0020547260757599
1640219384;can not bought;48298.50000000;0;0.0020547260757599
1640219384;can not bought;48297.57000000;0;0.0020547260757599
1640219384;can not bought;48280.00000000;0;0.0020547260757599
1640219384;can not bought;48315.92000000;0;0.0020547260757599
1640219384;can not bought;48341.91000000;0;0.0020547260757599
1640219384;can not bought;48349.53000000;0;0.0020547260757599
1640219384;can not bought;48340.65000000;0;0.0020547260757599
1640219384;can not bought;48382.97000000;0;0.0020547260757599
1640219384;can not bought;48382.98000000;0;0.0020547260757599
1640219384;can not bought;48382.98000000;0;0.0020547260757599
1640219384;can not bought;48387.02000000;0;0.0020547260757599
1640219384;can not bought;48348.43000000;0;0.0020547260757599
1640219384;can not bought;48346.44000000;0;0.0020547260757599
1640219384;can not bought;48375.53000000;0;0.0020547260757599
1640219384;can not bought;48398.82000000;0;0.0020547260757599
1640219384;can not bought;48386.16000000;0;0.0020547260757599
1640219384;can not bought;48384.52000000;0;0.0020547260757599
1640219384;can not bought;48349.98000000;0;0.0020547260757599
1640219384;can not bought;48331.61000000;0;0.0020547260757599
1640219384;can not bought;48320.00000000;0;0.0020547260757599
1640219384;can not bought;48336.39000000;0;0.0020547260757599
1640219384;can not bought;48316.87000000;0;0.0020547260757599
1640219384;can not bought;48318.97000000;0;0.0020547260757599
1640219384;can not bought;48330.93000000;0;0.0020547260757599
1640219384;can not bought;48335.01000000;0;0.0020547260757599
1640219384;can not bought;48350.89000000;0;0.0020547260757599
1640219384;can not bought;48361.27000000;0;0.0020547260757599
1640219384;can not bought;48351.86000000;0;0.0020547260757599
1640219384;can not bought;48348.62000000;0;0.0020547260757599
1640219384;can not bought;48354.25000000;0;0.0020547260757599
1640219384;can not bought;48332.26000000;0;0.0020547260757599
1640219384;can not bought;48334.06000000;0;0.0020547260757599
1640219384;can not bought;48315.55000000;0;0.0020547260757599
1640219384;can not bought;48346.19000000;0;0.0020547260757599
1640219384;can not bought;48367.52000000;0;0.0020547260757599
1640219384;can not bought;48384.99000000;0;0.0020547260757599
1640219384;can not bought;48370.03000000;0;0.0020547260757599
1640219384;can not bought;48371.99000000;0;0.0020547260757599
1640219384;can not bought;48366.88000000;0;0.0020547260757599
1640219384;can not bought;48365.74000000;0;0.0020547260757599
1640219384;can not bought;48379.79000000;0;0.0020547260757599
1640219384;can not bought;48371.65000000;0;0.0020547260757599
1640219384;can not bought;48399.00000000;0;0.0020547260757599
1640219384;can not bought;48420.04000000;0;0.0020547260757599
1640219384;can not bought;48425.09000000;0;0.0020547260757599
1640219384;can not bought;48419.27000000;0;0.0020547260757599
1640219384;can not bought;48419.00000000;0;0.0020547260757599
1640219384;can not bought;48434.71000000;0;0.0020547260757599
1640219384;can not bought;48434.06000000;0;0.0020547260757599
1640219384;can not bought;48433.52000000;0;0.0020547260757599
1640219384;can not bought;48421.96000000;0;0.0020547260757599
1640219384;can not bought;48418.82000000;0;0.0020547260757599
1640219384;can not bought;48389.34000000;0;0.0020547260757599
1640219384;can not bought;48396.99000000;0;0.0020547260757599
1640219384;can not bought;48418.88000000;0;0.0020547260757599
1640219384;can not bought;48432.93000000;0;0.0020547260757599
1640219384;can not bought;48436.91000000;0;0.0020547260757599
1640219384;can not bought;48456.36000000;0;0.0020547260757599
1640219384;can not bought;48461.20000000;0;0.0020547260757599
1640219384;can not bought;48461.18000000;0;0.0020547260757599
1640219384;can not bought;48439.69000000;0;0.0020547260757599
1640219384;can not bought;48454.98000000;0;0.0020547260757599
1640219384;can not bought;48453.29000000;0;0.0020547260757599
1640219384;can not bought;48447.82000000;0;0.0020547260757599
1640219384;can not bought;48458.36000000;0;0.0020547260757599
1640219384;can not bought;48444.16000000;0;0.0020547260757599
1640219384;can not bought;48459.07000000;0;0.0020547260757599
1640219384;can not bought;48445.17000000;0;0.0020547260757599
1640219384;can not bought;48433.85000000;0;0.0020547260757599
1640219384;can not bought;48450.00000000;0;0.0020547260757599
1640219384;can not bought;48449.16000000;0;0.0020547260757599
1640219384;can not bought;48443.04000000;0;0.0020547260757599
1640219384;can not bought;48432.06000000;0;0.0020547260757599
1640219384;can not bought;48429.06000000;0;0.0020547260757599
1640219384;can not bought;48450.20000000;0;0.0020547260757599
1640219384;can not bought;48442.98000000;0;0.0020547260757599
1640219384;can not bought;48438.63000000;0;0.0020547260757599
1640219384;can not bought;48436.48000000;0;0.0020547260757599
1640219384;can not bought;48421.39000000;0;0.0020547260757599
1640219384;can not bought;48434.21000000;0;0.0020547260757599
1640219384;can not bought;48420.88000000;0;0.0020547260757599
1640219384;can not bought;48398.75000000;0;0.0020547260757599
1640219384;can not bought;48396.18000000;0;0.0020547260757599
1640219384;can not bought;48410.44000000;0;0.0020547260757599
1640219384;can not bought;48404.25000000;0;0.0020547260757599
1640219384;can not bought;48391.03000000;0;0.0020547260757599
1640219384;can not bought;48384.52000000;0;0.0020547260757599
1640219384;can not bought;48397.85000000;0;0.0020547260757599
1640219384;can not bought;48412.84000000;0;0.0020547260757599
1640219384;can not bought;48429.66000000;0;0.0020547260757599
1640219384;can not bought;48414.18000000;0;0.0020547260757599
1640219384;can not bought;48420.78000000;0;0.0020547260757599
1640219384;can not bought;48449.00000000;0;0.0020547260757599
1640219384;can not bought;48461.83000000;0;0.0020547260757599
1640219384;can not bought;48465.31000000;0;0.0020547260757599
1640219384;can not bought;48465.31000000;0;0.0020547260757599
1640219384;can not bought;48467.50000000;0;0.0020547260757599
1640219384;can not bought;48465.31000000;0;0.0020547260757599
1640219384;can not bought;48450.96000000;0;0.0020547260757599
1640219384;can not bought;48410.01000000;0;0.0020547260757599
1640219384;can not bought;48386.43000000;0;0.0020547260757599
1640219384;can not bought;48354.88000000;0;0.0020547260757599
1640219384;can not bought;48338.58000000;0;0.0020547260757599
1640219384;can not bought;48341.22000000;0;0.0020547260757599
1640219384;can not bought;48316.34000000;0;0.0020547260757599
1640219384;can not bought;48313.04000000;0;0.0020547260757599
1640219384;can not bought;48286.96000000;0;0.0020547260757599
1640219384;can not bought;48314.30000000;0;0.0020547260757599
1640219384;can not bought;48272.37000000;0;0.0020547260757599
1640219384;can not bought;48272.38000000;0;0.0020547260757599
1640219384;can not bought;48309.46000000;0;0.0020547260757599
1640219384;can not bought;48335.90000000;0;0.0020547260757599
1640219384;can not bought;48338.69000000;0;0.0020547260757599
1640219384;can not bought;48329.03000000;0;0.0020547260757599
1640219384;can not bought;48334.75000000;0;0.0020547260757599
1640219384;can not bought;48345.66000000;0;0.0020547260757599
1640219384;can not bought;48319.26000000;0;0.0020547260757599
1640219384;can not bought;48318.34000000;0;0.0020547260757599
1640219384;can not bought;48335.58000000;0;0.0020547260757599
1640219384;can not bought;48309.57000000;0;0.0020547260757599
1640219384;can not bought;48313.77000000;0;0.0020547260757599
1640219384;can not bought;48319.99000000;0;0.0020547260757599
1640219384;can not bought;48327.50000000;0;0.0020547260757599
1640219384;can not bought;48334.00000000;0;0.0020547260757599
1640219384;can not bought;48333.37000000;0;0.0020547260757599
1640219384;can not bought;48337.69000000;0;0.0020547260757599
1640219384;can not bought;48362.32000000;0;0.0020547260757599
1640219384;can not bought;48365.77000000;0;0.0020547260757599
1640219384;can not bought;48352.99000000;0;0.0020547260757599
1640219384;can not bought;48350.26000000;0;0.0020547260757599
1640219384;can not bought;48345.06000000;0;0.0020547260757599
1640219384;can not bought;48359.24000000;0;0.0020547260757599
1640219384;can not bought;48353.05000000;0;0.0020547260757599
1640219384;can not bought;48350.01000000;0;0.0020547260757599
1640219384;can not bought;48369.79000000;0;0.0020547260757599
1640219384;can not bought;48396.22000000;0;0.0020547260757599
1640219384;can not bought;48442.07000000;0;0.0020547260757599
1640219384;can not bought;48478.70000000;0;0.0020547260757599
1640219384;can not bought;48468.92000000;0;0.0020547260757599
1640219384;can not bought;48488.14000000;0;0.0020547260757599
1640219384;can not bought;48490.55000000;0;0.0020547260757599
1640219384;can not bought;48460.88000000;0;0.0020547260757599
1640219384;can not bought;48480.94000000;0;0.0020547260757599
1640219384;can not bought;48474.68000000;0;0.0020547260757599
1640219384;can not bought;48473.55000000;0;0.0020547260757599
1640219384;can not bought;48460.22000000;0;0.0020547260757599
1640219384;can not bought;48461.10000000;0;0.0020547260757599
1640219384;can not bought;48441.37000000;0;0.0020547260757599
1640219384;can not bought;48427.44000000;0;0.0020547260757599
1640219384;can not bought;48469.17000000;0;0.0020547260757599
1640219384;can not bought;48469.17000000;0;0.0020547260757599
1640219384;can not bought;48474.91000000;0;0.0020547260757599
1640219384;can not bought;48496.48000000;0;0.0020547260757599
1640219384;can not bought;48493.37000000;0;0.0020547260757599
1640219384;can not bought;48490.53000000;0;0.0020547260757599
1640219384;can not bought;48483.30000000;0;0.0020547260757599
1640219384;can not bought;48489.94000000;0;0.0020547260757599
1640219384;can not bought;48469.20000000;0;0.0020547260757599
1640219384;can not bought;48456.18000000;0;0.0020547260757599
1640219384;can not bought;48462.89000000;0;0.0020547260757599
1640219384;can not bought;48468.18000000;0;0.0020547260757599
1640219384;can not bought;48449.70000000;0;0.0020547260757599
1640219384;can not bought;48472.94000000;0;0.0020547260757599
1640219384;can not bought;48449.61000000;0;0.0020547260757599
1640219384;can not bought;48444.27000000;0;0.0020547260757599
1640219384;can not bought;48445.58000000;0;0.0020547260757599
1640219384;can not bought;48444.28000000;0;0.0020547260757599
1640219384;can not bought;48449.83000000;0;0.0020547260757599
1640219384;can not bought;48433.28000000;0;0.0020547260757599
1640219384;can not bought;48413.67000000;0;0.0020547260757599
1640219384;can not bought;48405.17000000;0;0.0020547260757599
1640219384;can not bought;48398.52000000;0;0.0020547260757599
1640219384;can not bought;48400.00000000;0;0.0020547260757599
1640219384;can not bought;48408.02000000;0;0.0020547260757599
1640219384;can not bought;48399.24000000;0;0.0020547260757599
1640219384;can not bought;48403.77000000;0;0.0020547260757599
1640219384;can not bought;48398.52000000;0;0.0020547260757599
1640219384;can not bought;48395.21000000;0;0.0020547260757599
1640219384;can not bought;48407.99000000;0;0.0020547260757599
1640219384;can not bought;48413.82000000;0;0.0020547260757599
1640219384;can not bought;48430.60000000;0;0.0020547260757599
1640219384;can not bought;48430.61000000;0;0.0020547260757599
1640219384;can not bought;48424.16000000;0;0.0020547260757599
1640219384;can not bought;48424.19000000;0;0.0020547260757599
1640219384;can not bought;48440.63000000;0;0.0020547260757599
1640219384;can not bought;48438.47000000;0;0.0020547260757599
1640219384;can not bought;48407.52000000;0;0.0020547260757599
1640219384;can not bought;48414.11000000;0;0.0020547260757599
1640219384;can not bought;48428.49000000;0;0.0020547260757599
1640219384;can not bought;48431.30000000;0;0.0020547260757599
1640219384;can not bought;48425.99000000;0;0.0020547260757599
1640219384;can not bought;48416.64000000;0;0.0020547260757599
1640219384;can not bought;48422.85000000;0;0.0020547260757599
1640219384;can not bought;48431.71000000;0;0.0020547260757599
1640219384;can not bought;48414.99000000;0;0.0020547260757599
1640219384;can not bought;48426.90000000;0;0.0020547260757599
1640219384;can not bought;48427.56000000;0;0.0020547260757599
1640219384;can not bought;48448.35000000;0;0.0020547260757599
1640219384;can not bought;48461.90000000;0;0.0020547260757599
1640219384;can not bought;48462.13000000;0;0.0020547260757599
1640219384;can not bought;48440.04000000;0;0.0020547260757599
1640219384;can not bought;48429.48000000;0;0.0020547260757599
1640219384;can not bought;48408.48000000;0;0.0020547260757599
1640219384;can not bought;48404.15000000;0;0.0020547260757599
1640219384;can not bought;48400.00000000;0;0.0020547260757599
1640219384;can not bought;48365.01000000;0;0.0020547260757599
1640219384;can not bought;48371.07000000;0;0.0020547260757599
1640219384;can not bought;48381.17000000;0;0.0020547260757599
1640219384;can not bought;48367.05000000;0;0.0020547260757599
1640219384;can not bought;48335.79000000;0;0.0020547260757599
1640219384;can not bought;48333.95000000;0;0.0020547260757599
1640219384;can not bought;48360.07000000;0;0.0020547260757599
1640219384;can not bought;48337.48000000;0;0.0020547260757599
1640219384;can not bought;48351.42000000;0;0.0020547260757599
1640219384;can not bought;48367.77000000;0;0.0020547260757599
1640219384;can not bought;48360.36000000;0;0.0020547260757599
1640219384;can not bought;48333.50000000;0;0.0020547260757599
1640219384;can not bought;48341.48000000;0;0.0020547260757599
1640219384;can not bought;48320.01000000;0;0.0020547260757599
1640219384;can not bought;48329.04000000;0;0.0020547260757599
1640219384;can not bought;48325.26000000;0;0.0020547260757599
1640219384;can not bought;48308.99000000;0;0.0020547260757599
1640219384;can not bought;48303.66000000;0;0.0020547260757599
1640219384;can not bought;48305.04000000;0;0.0020547260757599
1640219384;can not bought;48300.61000000;0;0.0020547260757599
1640219384;can not bought;48272.84000000;0;0.0020547260757599
1640219384;can not bought;48254.71000000;0;0.0020547260757599
1640219384;can not bought;48262.47000000;0;0.0020547260757599
1640219384;can not bought;48252.00000000;0;0.0020547260757599
1640219384;can not bought;48306.76000000;0;0.0020547260757599
1640219384;can not bought;48277.12000000;0;0.0020547260757599
1640219384;can not bought;48245.58000000;0;0.0020547260757599
1640219384;can not bought;48211.23000000;0;0.0020547260757599
1640219384;can not bought;48180.05000000;0;0.0020547260757599
1640219384;can not bought;48123.26000000;0;0.0020547260757599
1640219384;can not bought;48105.26000000;0;0.0020547260757599
1640219384;can not bought;48105.61000000;0;0.0020547260757599
1640219384;can not bought;48145.02000000;0;0.0020547260757599
1640219384;can not bought;48149.77000000;0;0.0020547260757599
1640219384;can not bought;48116.48000000;0;0.0020547260757599
1640245825;can not bought;48110.70000000;0;0.0020547260757599
1640245855;can not bought;48097.85000000;0;0.0020547260757599
1640245886;can not bought;48087.93000000;0;0.0020547260757599
1640245915;can not bought;48112.17000000;0;0.0020547260757599
1640245944;can not bought;48134.17000000;0;0.0020547260757599
1640245974;can not bought;48119.79000000;0;0.0020547260757599
1640246009;can not bought;48076.13000000;0;0.0020547260757599
1640246033;can not bought;48081.55000000;0;0.0020547260757599
1640246063;can not bought;48089.22000000;0;0.0020547260757599
1640246092;can not bought;48100.00000000;0;0.0020547260757599
1640246122;can not bought;48075.44000000;0;0.0020547260757599
1640246151;can not bought;48057.74000000;0;0.0020547260757599
1640246181;can not bought;48067.52000000;0;0.0020547260757599
1640246213;can not bought;48174.65000000;0;0.0020547260757599
1640246241;can not bought;48180.00000000;0;0.0020547260757599
1640246270;can not bought;48190.08000000;0;0.0020547260757599
1640246300;can not bought;48180.03000000;0;0.0020547260757599
1640246329;can not bought;48154.48000000;0;0.0020547260757599
1640246359;can not bought;48130.56000000;0;0.0020547260757599
1640246389;can not bought;48130.58000000;0;0.0020547260757599
1640246389;can not bought;48116.79000000;0;0.0020547260757599
1640246389;can not bought;48105.02000000;0;0.0020547260757599
1640246389;can not bought;48162.23000000;0;0.0020547260757599
1640246389;can not bought;48137.46000000;0;0.0020547260757599
1640246389;can not bought;48155.66000000;0;0.0020547260757599
1640246389;can not bought;48181.17000000;0;0.0020547260757599
1640246389;can not bought;48134.37000000;0;0.0020547260757599
1640246389;can not bought;48172.85000000;0;0.0020547260757599
1640246389;can not bought;48153.26000000;0;0.0020547260757599
1640246389;can not bought;48151.63000000;0;0.0020547260757599
1640246389;can not bought;48149.66000000;0;0.0020547260757599
1640246389;can not bought;48125.12000000;0;0.0020547260757599
1640246389;can not bought;48128.25000000;0;0.0020547260757599
1640246389;can not bought;48133.59000000;0;0.0020547260757599
1640246389;can not bought;48164.09000000;0;0.0020547260757599
1640246389;can not bought;48178.56000000;0;0.0020547260757599
