;;49100.00000000;100;0
;;49144.61000000;100;0
;;49137.29000000;100;0
;;49140.81000000;100;0
;;49130.12000000;100;0
;;49104.03000000;100;0
;;49112.16000000;100;0
;;49108.62000000;100;0
;;49099.99000000;100;0
;;49095.95000000;100;0
;;49093.98000000;100;0
;;49104.19000000;100;0
;;49159.99000000;100;0
;;49216.45000000;100;0
;;49222.58000000;100;0
;;49210.02000000;100;0
;;49196.37000000;100;0
;;49176.30000000;100;0
;;49221.08000000;100;0
;;49249.99000000;100;0
;;49262.53000000;100;0
;;49265.00000000;100;0
;;49252.06000000;100;0
;;49244.88000000;100;0
;;49275.99000000;100;0
;;49219.09000000;100;0
;;49276.97000000;100;0
;;49266.81000000;100;0
;;49269.56000000;100;0
;;49255.92000000;100;0
;;49241.00000000;100;0
;;49210.24000000;100;0
;;49199.99000000;100;0
;;49219.92000000;100;0
;;49216.44000000;100;0
;;49220.00000000;100;0
;;49206.61000000;100;0
;;49191.98000000;100;0
;;49198.45000000;100;0
;;49197.78000000;100;0
;;49183.26000000;100;0
;;49209.99000000;100;0
;;49203.97000000;100;0
;;49169.79000000;100;0
;;49168.88000000;100;0
;;49184.93000000;100;0
;;49157.13000000;100;0
;;49148.32000000;100;0
;;49129.13000000;100;0
;;49129.13000000;100;0
;;49108.02000000;100;0
;;49117.32000000;100;0
;;49116.13000000;100;0
;;49119.69000000;100;0
;;49125.47000000;100;0
;;49110.03000000;100;0
;;49119.23000000;100;0
;;49118.01000000;100;0
;;49120.01000000;100;0
;;49072.00000000;100;0
;;49054.99000000;100;0
;;49038.03000000;100;0
;;49040.36000000;100;0
;;49038.07000000;100;0
;;49061.79000000;100;0
;;49069.54000000;100;0
;;49100.00000000;100;0
;;49100.00000000;100;0
;;49093.18000000;100;0
;;49100.00000000;100;0
;;49107.58000000;100;0
;;49091.63000000;100;0
;;49111.89000000;100;0
;;49130.56000000;100;0
;;49129.99000000;100;0
;;49152.94000000;100;0
;;49144.69000000;100;0
;;49183.10000000;100;0
;;49165.46000000;100;0
;;49163.69000000;100;0
;;49188.84000000;100;0
;;49190.83000000;100;0
;;49193.22000000;100;0
;;49184.88000000;100;0
;;49194.43000000;100;0
;;49193.52000000;100;0
;;49183.57000000;100;0
;;49212.50000000;100;0
;;49233.03000000;100;0
;;49240.44000000;100;0
;;49239.99000000;100;0
;;49239.46000000;100;0
;;49212.54000000;100;0
;;49182.41000000;100;0
;;49168.29000000;100;0
;;49178.33000000;100;0
;;49151.77000000;100;0
;;49162.39000000;100;0
;;49181.38000000;100;0
;;49134.52000000;100;0
;;49125.39000000;100;0
;;49134.18000000;100;0
;;49125.99000000;100;0
;;49102.38000000;100;0
;;49099.78000000;100;0
;;49099.79000000;100;0
;;49094.48000000;100;0
;;49090.82000000;100;0
;;49073.65000000;100;0
;;49116.72000000;100;0
;;49105.08000000;100;0
;;49104.87000000;100;0
;;49077.87000000;100;0
;;49069.99000000;100;0
;;49074.74000000;100;0
;;49084.44000000;100;0
;;49067.56000000;100;0
;;49062.20000000;100;0
;;49064.08000000;100;0
;;49050.03000000;100;0
;;49058.35000000;100;0
;;49055.05000000;100;0
;;49068.90000000;100;0
;;49037.49000000;100;0
;;49038.00000000;100;0
;;49025.62000000;100;0
;;49025.18000000;100;0
;;48990.03000000;100;0
;;48992.11000000;100;0
;;48950.32000000;100;0
;;48969.28000000;100;0
;;48975.38000000;100;0
;;48977.73000000;100;0
;;48964.89000000;100;0
;;48938.41000000;100;0
;;48924.44000000;100;0
;;48930.00000000;100;0
;;48935.59000000;100;0
;;48949.99000000;100;0
;;48931.56000000;100;0
;;48989.93000000;100;0
;;48958.38000000;100;0
;;48877.53000000;100;0
;;48921.99000000;100;0
;;48895.90000000;100;0
;;48892.46000000;100;0
;;48887.60000000;100;0
;;48884.18000000;100;0
;;48926.78000000;100;0
;;48927.80000000;100;0
;;48923.16000000;100;0
;;48915.00000000;100;0
;;48939.96000000;100;0
;;48992.50000000;100;0
;;48940.54000000;100;0
;;48934.03000000;100;0
;;48942.22000000;100;0
;;48915.76000000;100;0
;;48937.98000000;100;0
;;48943.65000000;100;0
;;48903.90000000;100;0
;;48832.59000000;100;0
;;48813.89000000;100;0
;;48807.55000000;100;0
;;48832.82000000;100;0
;;48846.10000000;100;0
;;48844.37000000;100;0
;;48862.93000000;100;0
;;48874.36000000;100;0
;;48911.88000000;100;0
;;48903.74000000;100;0
;;48906.77000000;100;0
;;48914.81000000;100;0
;;48871.89000000;100;0
;;48858.61000000;100;0
;;48868.12000000;100;0
;;48887.02000000;100;0
;;48907.52000000;100;0
;;48910.55000000;100;0
;;48923.25000000;100;0
;;48930.42000000;100;0
;;48945.54000000;100;0
;;48950.00000000;100;0
;;48950.05000000;100;0
;;48935.43000000;100;0
;;48917.87000000;100;0
;;48921.32000000;100;0
;;48937.43000000;100;0
;;48939.18000000;100;0
;;48918.12000000;100;0
;;48917.86000000;100;0
;;48916.07000000;100;0
;;48939.96000000;100;0
;;48940.33000000;100;0
;;48930.42000000;100;0
;;48932.04000000;100;0
;;48942.87000000;100;0
;;48930.45000000;100;0
;;48947.31000000;100;0
;;48910.00000000;100;0
;;48906.83000000;100;0
;;48950.43000000;100;0
;;48920.08000000;100;0
;;48925.35000000;100;0
;;48933.07000000;100;0
;;48932.00000000;100;0
;;48931.81000000;100;0
;;48930.00000000;100;0
;;48913.59000000;100;0
;;48905.12000000;100;0
;;48920.19000000;100;0
;;48914.73000000;100;0
;;48920.91000000;100;0
;;48924.47000000;100;0
;;48937.87000000;100;0
;;48940.94000000;100;0
;;48932.00000000;100;0
;;48943.33000000;100;0
;;48904.23000000;100;0
;;48865.29000000;100;0
;;48865.31000000;100;0
;;48861.50000000;100;0
;;48915.50000000;100;0
;;48913.98000000;100;0
;;48917.99000000;100;0
;;48905.20000000;100;0
;;48920.85000000;100;0
;;48944.40000000;100;0
;;48930.01000000;100;0
;;48926.02000000;100;0
;;48909.45000000;100;0
;;48916.70000000;100;0
;;48872.05000000;100;0
;;48871.36000000;100;0
;;48863.43000000;100;0
;;48864.52000000;100;0
;;48874.98000000;100;0
;;48875.76000000;100;0
;;48870.76000000;100;0
;;48859.26000000;100;0
;;48857.26000000;100;0
;;48875.77000000;100;0
;;48884.25000000;100;0
;;48857.54000000;100;0
;;48812.92000000;100;0
;;48790.00000000;100;0
;;48746.60000000;100;0
;;48743.83000000;100;0
1640134214;bought;48676.34000000;75;0.0005135965440294
1640134244;bought;48682.58000000;50;0.001027127256658
1640134274;bought;48699.99000000;25;0.0015404743846554
1640134303;bought;48732.90000000;0;0.0020534748422518
1640134334;can not bought;48726.48000000;0;0.0020534748422518
1640134362;can not bought;48716.51000000;0;0.0020534748422518
1640134392;can not bought;48739.31000000;0;0.0020534748422518
1640134421;can not bought;48702.60000000;0;0.0020534748422518
1640134451;can not bought;48706.18000000;0;0.0020534748422518
1640134481;can not bought;48712.29000000;0;0.0020534748422518
1640134481;can not bought;48734.00000000;0;0.0020534748422518
1640134481;can not bought;48715.65000000;0;0.0020534748422518
1640134481;can not bought;48726.03000000;0;0.0020534748422518
1640134481;can not bought;48657.00000000;0;0.0020534748422518
1640134481;can not bought;48638.86000000;0;0.0020534748422518
1640134481;can not bought;48643.66000000;0;0.0020534748422518
1640134481;can not bought;48659.94000000;0;0.0020534748422518
1640134481;can not bought;48679.45000000;0;0.0020534748422518
1640134481;can not bought;48657.14000000;0;0.0020534748422518
1640134481;can not bought;48638.23000000;0;0.0020534748422518
1640134481;can not bought;48631.50000000;0;0.0020534748422518
1640134481;can not bought;48629.29000000;0;0.0020534748422518
1640134481;can not bought;48602.75000000;0;0.0020534748422518
1640134481;can not bought;48624.37000000;0;0.0020534748422518
1640134481;can not bought;48647.84000000;0;0.0020534748422518
1640134481;can not bought;48647.00000000;0;0.0020534748422518
1640134481;can not bought;48648.96000000;0;0.0020534748422518
1640134481;can not bought;48649.99000000;0;0.0020534748422518
1640134481;can not bought;48658.56000000;0;0.0020534748422518
1640134481;can not bought;48656.12000000;0;0.0020534748422518
1640134481;can not bought;48680.81000000;0;0.0020534748422518
1640134481;can not bought;48680.82000000;0;0.0020534748422518
1640134481;can not bought;48671.80000000;0;0.0020534748422518
1640134481;can not bought;48636.41000000;0;0.0020534748422518
1640134481;can not bought;48623.10000000;0;0.0020534748422518
1640134481;can not bought;48630.89000000;0;0.0020534748422518
1640134481;can not bought;48650.00000000;0;0.0020534748422518
1640134481;can not bought;48632.97000000;0;0.0020534748422518
1640134481;can not bought;48627.29000000;0;0.0020534748422518
1640134481;can not bought;48609.95000000;0;0.0020534748422518
1640134481;can not bought;48617.21000000;0;0.0020534748422518
1640134481;can not bought;48630.87000000;0;0.0020534748422518
1640134481;can not bought;48619.52000000;0;0.0020534748422518
1640134481;can not bought;48619.27000000;0;0.0020534748422518
1640134481;can not bought;48620.41000000;0;0.0020534748422518
1640134481;can not bought;48630.90000000;0;0.0020534748422518
1640134481;can not bought;48621.12000000;0;0.0020534748422518
1640134481;can not bought;48673.37000000;0;0.0020534748422518
1640134481;can not bought;48670.13000000;0;0.0020534748422518
1640134481;can not bought;48684.50000000;0;0.0020534748422518
1640134481;can not bought;48678.99000000;0;0.0020534748422518
1640134481;can not bought;48684.30000000;0;0.0020534748422518
1640134481;can not bought;48693.20000000;0;0.0020534748422518
1640134481;can not bought;48711.55000000;0;0.0020534748422518
1640134481;can not bought;48702.19000000;0;0.0020534748422518
1640134481;can not bought;48702.89000000;0;0.0020534748422518
1640134481;can not bought;48712.16000000;0;0.0020534748422518
1640134481;can not bought;48696.04000000;0;0.0020534748422518
1640134481;can not bought;48698.94000000;0;0.0020534748422518
1640134481;can not bought;48685.91000000;0;0.0020534748422518
1640134481;can not bought;48704.29000000;0;0.0020534748422518
1640134481;can not bought;48739.33000000;0;0.0020534748422518
1640134481;can not bought;48729.57000000;0;0.0020534748422518
1640134481;can not bought;48729.57000000;0;0.0020534748422518
1640134481;can not bought;48750.00000000;0;0.0020534748422518
1640134481;can not bought;48761.75000000;0;0.0020534748422518
1640134481;can not bought;48760.03000000;0;0.0020534748422518
1640134481;can not bought;48758.78000000;0;0.0020534748422518
1640134481;can not bought;48761.50000000;0;0.0020534748422518
1640134481;can not bought;48767.35000000;0;0.0020534748422518
1640134481;can not bought;48765.61000000;0;0.0020534748422518
1640134481;can not bought;48782.44000000;0;0.0020534748422518
1640134481;can not bought;48796.54000000;0;0.0020534748422518
1640134481;can not bought;48808.00000000;0;0.0020534748422518
1640134481;can not bought;48791.00000000;0;0.0020534748422518
1640134481;can not bought;48803.13000000;0;0.0020534748422518
1640134481;can not bought;48833.32000000;0;0.0020534748422518
1640134481;can not bought;48835.56000000;0;0.0020534748422518
1640134481;can not bought;48835.81000000;0;0.0020534748422518
1640134481;can not bought;48831.36000000;0;0.0020534748422518
1640134481;can not bought;48840.09000000;0;0.0020534748422518
1640134481;can not bought;48837.38000000;0;0.0020534748422518
1640134481;can not bought;48840.00000000;0;0.0020534748422518
1640134481;can not bought;48825.01000000;0;0.0020534748422518
1640134481;can not bought;48801.01000000;0;0.0020534748422518
1640134481;can not bought;48788.01000000;0;0.0020534748422518
1640134481;can not bought;48779.37000000;0;0.0020534748422518
1640134481;can not bought;48797.04000000;0;0.0020534748422518
1640134481;can not bought;48775.83000000;0;0.0020534748422518
1640134481;can not bought;48775.81000000;0;0.0020534748422518
1640134481;can not bought;48750.01000000;0;0.0020534748422518
1640134481;can not bought;48772.07000000;0;0.0020534748422518
1640134481;can not bought;48759.34000000;0;0.0020534748422518
1640134481;can not bought;48747.89000000;0;0.0020534748422518
1640134481;can not bought;48720.43000000;0;0.0020534748422518
1640134481;can not bought;48731.27000000;0;0.0020534748422518
1640134481;can not bought;48750.58000000;0;0.0020534748422518
1640134481;can not bought;48742.96000000;0;0.0020534748422518
1640134481;can not bought;48720.05000000;0;0.0020534748422518
1640134481;can not bought;48732.67000000;0;0.0020534748422518
1640134481;can not bought;48732.00000000;0;0.0020534748422518
1640134481;can not bought;48751.31000000;0;0.0020534748422518
1640134481;can not bought;48745.44000000;0;0.0020534748422518
1640134481;can not bought;48772.31000000;0;0.0020534748422518
1640134481;can not bought;48762.49000000;0;0.0020534748422518
1640134481;can not bought;48757.62000000;0;0.0020534748422518
1640134481;can not bought;48760.66000000;0;0.0020534748422518
1640134481;can not bought;48746.61000000;0;0.0020534748422518
1640134481;can not bought;48743.68000000;0;0.0020534748422518
1640134481;can not bought;48733.59000000;0;0.0020534748422518
1640134481;can not bought;48758.71000000;0;0.0020534748422518
1640134481;can not bought;48754.99000000;0;0.0020534748422518
1640134481;can not bought;48773.27000000;0;0.0020534748422518
1640134481;can not bought;48765.22000000;0;0.0020534748422518
1640134481;can not bought;48751.93000000;0;0.0020534748422518
1640134481;can not bought;48727.55000000;0;0.0020534748422518
1640134481;can not bought;48736.16000000;0;0.0020534748422518
1640134481;can not bought;48740.02000000;0;0.0020534748422518
1640134481;can not bought;48768.84000000;0;0.0020534748422518
1640134481;can not bought;48774.88000000;0;0.0020534748422518
1640134481;can not bought;48778.88000000;0;0.0020534748422518
1640134481;can not bought;48782.31000000;0;0.0020534748422518
1640134481;can not bought;48788.99000000;0;0.0020534748422518
1640134481;can not bought;48768.03000000;0;0.0020534748422518
1640134481;can not bought;48787.53000000;0;0.0020534748422518
1640134481;can not bought;48768.01000000;0;0.0020534748422518
1640134481;can not bought;48744.88000000;0;0.0020534748422518
1640134481;can not bought;48749.75000000;0;0.0020534748422518
1640134481;can not bought;48765.34000000;0;0.0020534748422518
1640134481;can not bought;48750.08000000;0;0.0020534748422518
1640134481;can not bought;48784.24000000;0;0.0020534748422518
1640134481;can not bought;48782.99000000;0;0.0020534748422518
1640134481;can not bought;48759.82000000;0;0.0020534748422518
1640134481;can not bought;48765.14000000;0;0.0020534748422518
1640134481;can not bought;48788.27000000;0;0.0020534748422518
1640134481;can not bought;48790.00000000;0;0.0020534748422518
1640134481;can not bought;48797.89000000;0;0.0020534748422518
1640134481;can not bought;48812.77000000;0;0.0020534748422518
1640134481;can not bought;48817.04000000;0;0.0020534748422518
1640134481;can not bought;48822.01000000;0;0.0020534748422518
1640134481;can not bought;48810.00000000;0;0.0020534748422518
1640134481;can not bought;48826.65000000;0;0.0020534748422518
1640134481;can not bought;48810.83000000;0;0.0020534748422518
1640134481;can not bought;48793.56000000;0;0.0020534748422518
1640134481;can not bought;48799.99000000;0;0.0020534748422518
1640134481;can not bought;48800.00000000;0;0.0020534748422518
1640134481;can not bought;48800.00000000;0;0.0020534748422518
1640134481;can not bought;48778.57000000;0;0.0020534748422518
1640134481;can not bought;48760.38000000;0;0.0020534748422518
1640134481;can not bought;48768.87000000;0;0.0020534748422518
1640134481;can not bought;48776.79000000;0;0.0020534748422518
1640134481;can not bought;48752.92000000;0;0.0020534748422518
1640134481;can not bought;48754.13000000;0;0.0020534748422518
1640134481;can not bought;48749.02000000;0;0.0020534748422518
1640134481;can not bought;48728.74000000;0;0.0020534748422518
1640134481;can not bought;48751.83000000;0;0.0020534748422518
1640134481;can not bought;48771.09000000;0;0.0020534748422518
1640134481;can not bought;48828.91000000;0;0.0020534748422518
1640134481;can not bought;48849.40000000;0;0.0020534748422518
1640134481;can not bought;48845.63000000;0;0.0020534748422518
1640134481;can not bought;48916.34000000;0;0.0020534748422518
1640134481;can not bought;48909.19000000;0;0.0020534748422518
1640134481;can not bought;48888.46000000;0;0.0020534748422518
1640134481;can not bought;48859.99000000;0;0.0020534748422518
1640134481;can not bought;48856.49000000;0;0.0020534748422518
1640134481;can not bought;48912.06000000;0;0.0020534748422518
1640134481;can not bought;48929.44000000;0;0.0020534748422518
1640134481;can not bought;48948.37000000;0;0.0020534748422518
1640134481;can not bought;48990.01000000;0;0.0020534748422518
1640134481;can not bought;48981.93000000;0;0.0020534748422518
1640134481;can not bought;49012.22000000;0;0.0020534748422518
1640134481;can not bought;49002.20000000;0;0.0020534748422518
1640134481;can not bought;49008.36000000;0;0.0020534748422518
1640134481;can not bought;49000.03000000;0;0.0020534748422518
1640134481;can not bought;49026.28000000;0;0.0020534748422518
1640134481;can not bought;49022.24000000;0;0.0020534748422518
1640134481;can not bought;49016.35000000;0;0.0020534748422518
1640134481;can not bought;48992.97000000;0;0.0020534748422518
1640134481;can not bought;48992.01000000;0;0.0020534748422518
1640134481;can not bought;49029.55000000;0;0.0020534748422518
1640134481;can not bought;49029.56000000;0;0.0020534748422518
1640134481;can not bought;49075.38000000;0;0.0020534748422518
1640134481;can not bought;49080.03000000;0;0.0020534748422518
1640139627;sell;49073.22000000;100.77062269829;0
1640139627;sell;49091.72000000;100.77062269829;0
1640139627;sell;49131.44000000;100.77062269829;0
1640139627;sell;49210.18000000;100.77062269829;0
1640139627;sell;49255.12000000;100.77062269829;0
1640139627;sell;49257.09000000;100.77062269829;0
1640139627;sell;49195.29000000;100.77062269829;0
1640139627;sell;49239.25000000;100.77062269829;0
1640139627;sell;49233.00000000;100.77062269829;0
1640139627;sell;49219.00000000;100.77062269829;0
1640139627;sell;49219.81000000;100.77062269829;0
1640139627;sell;49204.55000000;100.77062269829;0
1640139627;sell;49159.86000000;100.77062269829;0
1640139627;sell;49174.63000000;100.77062269829;0
1640139627;sell;49165.09000000;100.77062269829;0
1640139627;sell;49173.24000000;100.77062269829;0
1640139627;sell;49177.35000000;100.77062269829;0
1640139627;sell;49178.95000000;100.77062269829;0
1640139627;sell;49176.76000000;100.77062269829;0
1640139627;sell;49231.02000000;100.77062269829;0
1640139627;sell;49357.34000000;100.77062269829;0
1640139627;sell;49397.75000000;100.77062269829;0
1640139627;sell;49380.92000000;100.77062269829;0
1640139627;sell;49399.99000000;100.77062269829;0
1640139627;sell;49509.99000000;100.77062269829;0
1640139627;sell;49446.85000000;100.77062269829;0
1640139627;sell;49456.03000000;100.77062269829;0
1640139627;sell;49445.39000000;100.77062269829;0
1640139627;sell;49345.12000000;100.77062269829;0
1640139627;sell;49358.81000000;100.77062269829;0
1640139627;sell;49363.60000000;100.77062269829;0
1640139627;sell;49428.29000000;100.77062269829;0
1640139627;sell;49409.23000000;100.77062269829;0
1640139627;sell;49442.90000000;100.77062269829;0
1640139627;sell;49437.13000000;100.77062269829;0
1640139627;sell;49467.61000000;100.77062269829;0
1640139627;sell;49450.00000000;100.77062269829;0
1640139627;sell;49451.74000000;100.77062269829;0
1640139627;sell;49449.31000000;100.77062269829;0
1640139627;sell;49492.20000000;100.77062269829;0
1640139627;sell;49530.73000000;100.77062269829;0
1640139627;sell;49471.34000000;100.77062269829;0
1640139627;sell;49474.46000000;100.77062269829;0
1640139627;sell;49493.46000000;100.77062269829;0
1640139627;sell;49448.23000000;100.77062269829;0
1640139627;sell;49405.86000000;100.77062269829;0
1640139627;sell;49361.46000000;100.77062269829;0
1640139627;sell;49393.62000000;100.77062269829;0
1640139627;sell;49405.30000000;100.77062269829;0
1640139627;sell;49435.08000000;100.77062269829;0
1640139627;sell;49469.19000000;100.77062269829;0
1640139627;sell;49480.29000000;100.77062269829;0
1640139627;sell;49483.51000000;100.77062269829;0
1640139627;sell;49505.66000000;100.77062269829;0
1640139627;sell;49504.95000000;100.77062269829;0
1640139627;sell;49525.84000000;100.77062269829;0
1640139627;sell;49479.25000000;100.77062269829;0
1640139627;sell;49509.25000000;100.77062269829;0
1640139627;sell;49502.43000000;100.77062269829;0
1640139627;sell;49467.71000000;100.77062269829;0
1640139627;sell;49485.34000000;100.77062269829;0
1640139627;sell;49516.90000000;100.77062269829;0
1640139627;sell;49507.65000000;100.77062269829;0
1640139627;sell;49509.73000000;100.77062269829;0
1640139627;sell;49509.99000000;100.77062269829;0
1640139627;sell;49502.51000000;100.77062269829;0
1640139627;sell;49527.69000000;100.77062269829;0
1640139627;sell;49511.39000000;100.77062269829;0
1640139627;sell;49532.95000000;100.77062269829;0
1640139627;sell;49526.44000000;100.77062269829;0
1640139627;sell;49521.77000000;100.77062269829;0
1640139627;sell;49487.79000000;100.77062269829;0
1640139627;sell;49457.43000000;100.77062269829;0
1640139627;sell;49430.99000000;100.77062269829;0
1640139627;sell;49402.94000000;100.77062269829;0
1640139627;sell;49373.90000000;100.77062269829;0
1640139627;sell;49385.60000000;100.77062269829;0
1640139627;sell;49395.88000000;100.77062269829;0
1640139627;sell;49358.02000000;100.77062269829;0
1640139627;sell;49318.92000000;100.77062269829;0
1640139627;sell;49326.48000000;100.77062269829;0
1640139627;sell;49328.42000000;100.77062269829;0
1640139627;sell;49329.28000000;100.77062269829;0
1640139627;sell;49354.60000000;100.77062269829;0
1640139627;sell;49401.49000000;100.77062269829;0
1640139627;sell;49366.00000000;100.77062269829;0
1640139627;sell;49362.99000000;100.77062269829;0
1640139627;sell;49356.79000000;100.77062269829;0
1640139627;sell;49350.00000000;100.77062269829;0
1640139627;sell;49355.79000000;100.77062269829;0
1640139627;sell;49361.76000000;100.77062269829;0
1640139627;sell;49369.47000000;100.77062269829;0
1640139627;sell;49372.60000000;100.77062269829;0
1640139627;sell;49374.23000000;100.77062269829;0
1640139627;sell;49324.26000000;100.77062269829;0
1640139627;sell;49332.48000000;100.77062269829;0
1640139627;sell;49333.96000000;100.77062269829;0
1640139627;sell;49333.95000000;100.77062269829;0
1640139627;sell;49339.87000000;100.77062269829;0
1640139627;sell;49365.06000000;100.77062269829;0
1640139627;sell;49338.27000000;100.77062269829;0
1640139627;sell;49344.66000000;100.77062269829;0
1640139627;sell;49310.94000000;100.77062269829;0
1640139627;sell;49321.58000000;100.77062269829;0
1640139627;sell;49314.82000000;100.77062269829;0
1640139627;sell;49292.95000000;100.77062269829;0
1640139627;sell;49255.95000000;100.77062269829;0
1640139627;sell;49254.38000000;100.77062269829;0
1640139627;sell;49244.05000000;100.77062269829;0
1640139627;sell;49230.38000000;100.77062269829;0
1640139627;sell;49238.57000000;100.77062269829;0
1640139627;sell;49264.18000000;100.77062269829;0
1640139627;sell;49263.71000000;100.77062269829;0
1640139627;sell;49281.83000000;100.77062269829;0
1640139627;sell;49281.83000000;100.77062269829;0
1640139627;sell;49282.98000000;100.77062269829;0
1640139627;sell;49330.24000000;100.77062269829;0
1640139627;sell;49314.52000000;100.77062269829;0
1640139627;sell;49328.88000000;100.77062269829;0
1640139627;sell;49318.72000000;100.77062269829;0
1640139627;sell;49333.94000000;100.77062269829;0
1640139627;sell;49334.55000000;100.77062269829;0
1640139627;sell;49289.44000000;100.77062269829;0
1640139627;sell;49301.03000000;100.77062269829;0
1640139627;sell;49293.68000000;100.77062269829;0
1640139627;sell;49274.46000000;100.77062269829;0
1640139627;sell;49279.57000000;100.77062269829;0
1640139627;sell;49284.63000000;100.77062269829;0
1640139627;sell;49291.25000000;100.77062269829;0
1640139627;sell;49291.67000000;100.77062269829;0
1640139627;sell;49280.92000000;100.77062269829;0
1640139627;sell;49319.30000000;100.77062269829;0
1640139627;sell;49296.04000000;100.77062269829;0
1640139627;sell;49280.24000000;100.77062269829;0
1640139627;sell;49299.98000000;100.77062269829;0
1640139627;sell;49272.50000000;100.77062269829;0
1640139627;sell;49279.24000000;100.77062269829;0
1640139627;sell;49300.00000000;100.77062269829;0
1640139627;sell;49298.53000000;100.77062269829;0
1640139627;sell;49297.31000000;100.77062269829;0
1640139627;sell;49272.41000000;100.77062269829;0
1640139627;sell;49274.81000000;100.77062269829;0
1640139627;sell;49279.92000000;100.77062269829;0
1640139627;sell;49260.02000000;100.77062269829;0
1640139627;sell;49255.15000000;100.77062269829;0
1640139627;sell;49263.05000000;100.77062269829;0
1640139627;sell;49270.91000000;100.77062269829;0
1640139627;sell;49277.95000000;100.77062269829;0
1640139627;sell;49292.14000000;100.77062269829;0
1640139627;sell;49296.37000000;100.77062269829;0
1640139627;sell;49285.00000000;100.77062269829;0
1640139627;sell;49287.93000000;100.77062269829;0
1640139627;sell;49300.82000000;100.77062269829;0
1640139627;sell;49275.42000000;100.77062269829;0
1640139627;sell;49293.47000000;100.77062269829;0
1640139627;sell;49310.92000000;100.77062269829;0
1640139627;sell;49306.57000000;100.77062269829;0
1640139627;sell;49290.86000000;100.77062269829;0
1640139627;sell;49288.57000000;100.77062269829;0
1640139627;sell;49283.52000000;100.77062269829;0
1640139627;sell;49290.33000000;100.77062269829;0
1640139627;sell;49291.34000000;100.77062269829;0
1640139627;sell;49283.52000000;100.77062269829;0
1640139627;sell;49284.37000000;100.77062269829;0
1640139627;sell;49285.51000000;100.77062269829;0
1640139627;sell;49299.99000000;100.77062269829;0
1640139627;sell;49313.99000000;100.77062269829;0
1640139627;sell;49321.01000000;100.77062269829;0
1640139627;sell;49318.73000000;100.77062269829;0
1640139627;sell;49299.82000000;100.77062269829;0
1640139627;sell;49329.99000000;100.77062269829;0
1640139627;sell;49302.72000000;100.77062269829;0
1640139627;sell;49333.64000000;100.77062269829;0
1640139627;sell;49364.65000000;100.77062269829;0
1640139627;sell;49352.42000000;100.77062269829;0
1640139627;sell;49369.70000000;100.77062269829;0
1640139627;sell;49373.91000000;100.77062269829;0
1640139627;sell;49344.22000000;100.77062269829;0
1640139627;sell;49305.97000000;100.77062269829;0
1640139627;sell;49290.94000000;100.77062269829;0
1640139627;sell;49282.17000000;100.77062269829;0
1640139627;sell;49291.91000000;100.77062269829;0
1640139627;sell;49294.95000000;100.77062269829;0
1640139627;sell;49292.73000000;100.77062269829;0
1640139627;sell;49281.54000000;100.77062269829;0
1640139627;sell;49305.51000000;100.77062269829;0
1640139627;sell;49306.54000000;100.77062269829;0
1640139627;sell;49278.22000000;100.77062269829;0
1640139627;sell;49281.74000000;100.77062269829;0
1640139627;sell;49251.32000000;100.77062269829;0
1640139627;sell;49259.99000000;100.77062269829;0
1640139627;sell;49246.41000000;100.77062269829;0
1640139627;sell;49185.54000000;100.77062269829;0
1640139627;sell;49166.99000000;100.77062269829;0
1640139627;sell;49193.25000000;100.77062269829;0
1640139627;sell;49216.20000000;100.77062269829;0
1640139627;sell;49224.44000000;100.77062269829;0
1640139627;sell;49213.90000000;100.77062269829;0
1640139627;sell;49219.01000000;100.77062269829;0
1640139627;sell;49183.80000000;100.77062269829;0
1640139627;sell;49209.60000000;100.77062269829;0
1640139627;sell;49202.96000000;100.77062269829;0
1640139627;sell;49221.99000000;100.77062269829;0
1640139627;sell;49294.01000000;100.77062269829;0
1640139627;sell;49287.78000000;100.77062269829;0
1640139627;sell;49224.69000000;100.77062269829;0
1640139627;sell;49221.49000000;100.77062269829;0
1640139627;sell;49162.01000000;100.77062269829;0
1640139627;sell;49142.81000000;100.77062269829;0
1640139627;sell;49110.08000000;100.77062269829;0
1640139627;sell;49134.06000000;100.77062269829;0
1640139627;sell;49234.01000000;100.77062269829;0
1640139627;sell;49209.97000000;100.77062269829;0
1640139627;sell;49224.05000000;100.77062269829;0
1640139627;sell;49238.93000000;100.77062269829;0
1640139627;sell;49264.36000000;100.77062269829;0
1640139627;sell;49271.18000000;100.77062269829;0
1640139627;sell;49261.03000000;100.77062269829;0
1640139627;sell;49326.26000000;100.77062269829;0
1640139627;sell;49285.23000000;100.77062269829;0
1640139627;sell;49274.96000000;100.77062269829;0
1640139627;sell;49242.74000000;100.77062269829;0
1640139627;sell;49227.25000000;100.77062269829;0
1640139627;sell;49274.23000000;100.77062269829;0
1640139627;sell;49249.93000000;100.77062269829;0
1640139627;sell;49271.56000000;100.77062269829;0
1640139627;sell;49246.29000000;100.77062269829;0
1640139627;sell;49261.00000000;100.77062269829;0
1640139627;sell;49243.21000000;100.77062269829;0
1640139627;sell;49229.67000000;100.77062269829;0
1640139627;sell;49251.76000000;100.77062269829;0
1640139627;sell;49256.28000000;100.77062269829;0
1640139627;sell;49251.53000000;100.77062269829;0
1640139627;sell;49233.38000000;100.77062269829;0
1640139627;sell;49246.33000000;100.77062269829;0
1640139627;sell;49257.20000000;100.77062269829;0
1640139627;sell;49274.99000000;100.77062269829;0
1640139627;sell;49255.27000000;100.77062269829;0
1640139627;sell;49255.26000000;100.77062269829;0
1640139627;sell;49255.09000000;100.77062269829;0
1640139627;sell;49245.63000000;100.77062269829;0
1640139627;sell;49252.03000000;100.77062269829;0
1640139627;sell;49225.89000000;100.77062269829;0
1640139627;sell;49223.59000000;100.77062269829;0
1640139627;sell;49231.31000000;100.77062269829;0
1640139627;sell;49221.70000000;100.77062269829;0
1640139627;sell;49202.08000000;100.77062269829;0
1640139627;sell;49196.39000000;100.77062269829;0
1640139627;sell;49231.94000000;100.77062269829;0
1640139627;sell;49263.69000000;100.77062269829;0
1640139627;sell;49265.63000000;100.77062269829;0
1640139627;sell;49280.24000000;100.77062269829;0
1640139627;sell;49282.12000000;100.77062269829;0
1640139627;sell;49288.33000000;100.77062269829;0
1640139627;sell;49291.99000000;100.77062269829;0
1640139627;sell;49271.75000000;100.77062269829;0
1640139627;sell;49278.83000000;100.77062269829;0
1640139627;sell;49275.35000000;100.77062269829;0
1640139627;sell;49275.94000000;100.77062269829;0
1640139627;sell;49260.00000000;100.77062269829;0
1640139627;sell;49272.56000000;100.77062269829;0
1640139627;sell;49275.00000000;100.77062269829;0
1640139627;sell;49276.18000000;100.77062269829;0
1640139627;sell;49278.46000000;100.77062269829;0
1640139627;sell;49240.00000000;100.77062269829;0
1640139627;sell;49222.44000000;100.77062269829;0
1640139627;sell;49248.65000000;100.77062269829;0
1640139627;sell;49295.78000000;100.77062269829;0
1640139627;sell;49300.76000000;100.77062269829;0
1640139627;sell;49308.47000000;100.77062269829;0
1640139627;sell;49308.47000000;100.77062269829;0
1640139627;sell;49285.68000000;100.77062269829;0
1640139627;sell;49284.17000000;100.77062269829;0
1640139627;sell;49282.40000000;100.77062269829;0
1640139627;sell;49299.99000000;100.77062269829;0
1640139627;sell;49287.78000000;100.77062269829;0
1640139627;sell;49287.81000000;100.77062269829;0
1640139627;sell;49295.93000000;100.77062269829;0
1640139627;sell;49296.99000000;100.77062269829;0
1640139627;sell;49305.46000000;100.77062269829;0
1640139627;sell;49286.22000000;100.77062269829;0
1640139627;sell;49286.20000000;100.77062269829;0
1640139627;sell;49300.10000000;100.77062269829;0
1640139627;sell;49301.76000000;100.77062269829;0
1640139627;sell;49302.35000000;100.77062269829;0
1640139627;sell;49288.74000000;100.77062269829;0
1640139627;sell;49299.98000000;100.77062269829;0
1640139627;sell;49296.05000000;100.77062269829;0
1640139627;sell;49290.97000000;100.77062269829;0
1640139627;sell;49279.16000000;100.77062269829;0
1640139627;sell;49300.00000000;100.77062269829;0
1640139627;sell;49300.63000000;100.77062269829;0
1640139627;sell;49295.18000000;100.77062269829;0
1640139627;sell;49286.20000000;100.77062269829;0
1640139627;sell;49254.58000000;100.77062269829;0
1640139627;sell;49239.99000000;100.77062269829;0
1640139627;sell;49291.94000000;100.77062269829;0
1640139627;sell;49315.23000000;100.77062269829;0
1640139627;sell;49297.36000000;100.77062269829;0
1640139627;sell;49308.15000000;100.77062269829;0
1640139627;sell;49314.00000000;100.77062269829;0
1640139627;sell;49300.01000000;100.77062269829;0
1640139627;sell;49313.50000000;100.77062269829;0
1640139627;sell;49312.53000000;100.77062269829;0
1640139627;sell;49290.21000000;100.77062269829;0
1640139627;sell;49300.00000000;100.77062269829;0
1640139627;sell;49293.98000000;100.77062269829;0
1640139627;sell;49293.98000000;100.77062269829;0
1640139627;sell;49317.08000000;100.77062269829;0
1640139627;sell;49306.44000000;100.77062269829;0
1640139627;sell;49316.94000000;100.77062269829;0
1640139627;sell;49310.00000000;100.77062269829;0
1640139627;sell;49293.90000000;100.77062269829;0
1640139627;sell;49289.00000000;100.77062269829;0
1640139627;sell;49285.97000000;100.77062269829;0
1640139627;sell;49310.14000000;100.77062269829;0
1640139627;sell;49313.52000000;100.77062269829;0
1640139627;sell;49296.31000000;100.77062269829;0
1640139627;sell;49287.51000000;100.77062269829;0
1640139627;sell;49285.65000000;100.77062269829;0
1640139627;sell;49285.54000000;100.77062269829;0
1640139627;sell;49287.54000000;100.77062269829;0
1640139627;sell;49308.20000000;100.77062269829;0
1640139627;sell;49311.31000000;100.77062269829;0
1640139627;sell;49316.98000000;100.77062269829;0
1640139627;sell;49324.68000000;100.77062269829;0
1640139627;sell;49313.57000000;100.77062269829;0
1640139627;sell;49321.70000000;100.77062269829;0
1640139627;sell;49312.92000000;100.77062269829;0
1640139627;sell;49315.26000000;100.77062269829;0
1640139627;sell;49316.17000000;100.77062269829;0
1640139627;sell;49322.66000000;100.77062269829;0
1640139627;sell;49323.69000000;100.77062269829;0
1640139627;sell;49329.52000000;100.77062269829;0
1640139627;sell;49300.22000000;100.77062269829;0
1640139627;sell;49313.08000000;100.77062269829;0
1640139627;sell;49299.22000000;100.77062269829;0
1640139627;sell;49287.54000000;100.77062269829;0
1640139627;sell;49285.67000000;100.77062269829;0
1640139627;sell;49303.61000000;100.77062269829;0
1640139627;sell;49317.01000000;100.77062269829;0
1640139627;sell;49290.02000000;100.77062269829;0
1640139627;sell;49286.44000000;100.77062269829;0
1640139627;sell;49256.50000000;100.77062269829;0
1640139627;sell;49243.88000000;100.77062269829;0
1640139627;sell;49263.63000000;100.77062269829;0
1640139627;sell;49262.55000000;100.77062269829;0
1640139627;sell;49251.62000000;100.77062269829;0
1640139627;sell;49249.98000000;100.77062269829;0
1640139627;sell;49251.20000000;100.77062269829;0
1640139627;sell;49251.20000000;100.77062269829;0
1640139627;sell;49216.63000000;100.77062269829;0
1640139627;sell;49216.61000000;100.77062269829;0
1640139627;sell;49191.15000000;100.77062269829;0
1640139627;sell;49188.75000000;100.77062269829;0
1640139627;sell;49182.26000000;100.77062269829;0
1640139627;sell;49174.09000000;100.77062269829;0
1640139627;sell;49160.00000000;100.77062269829;0
1640139627;sell;49191.82000000;100.77062269829;0
1640139627;sell;49198.33000000;100.77062269829;0
1640139627;sell;49146.47000000;100.77062269829;0
1640139627;sell;49128.42000000;100.77062269829;0
1640139627;sell;49122.08000000;100.77062269829;0
1640139627;sell;49112.31000000;100.77062269829;0
1640139627;sell;49100.99000000;100.77062269829;0
1640150413;bought;49054.34000000;75.770622698287;0.00050963890249058
1640150443;bought;49070.28000000;50.770622698287;0.0010191122537737
1640150473;bought;49124.53000000;25.770622698287;0.0015280229751587
1640150503;bought;49131.94000000;0.7706226982873;0.002036856943449
1640150532;can not bought;49117.00000000;0.7706226982873;0.002036856943449
1640150562;can not bought;49080.27000000;0.7706226982873;0.002036856943449
1640150591;can not bought;49091.89000000;0.7706226982873;0.002036856943449
1640150621;can not bought;49095.38000000;0.7706226982873;0.002036856943449
1640150651;can not bought;49097.82000000;0.7706226982873;0.002036856943449
1640150680;can not bought;49110.06000000;0.7706226982873;0.002036856943449
1640150710;can not bought;49097.85000000;0.7706226982873;0.002036856943449
1640150740;can not bought;49090.74000000;0.7706226982873;0.002036856943449
1640150769;can not bought;49092.71000000;0.7706226982873;0.002036856943449
1640150798;can not bought;49095.45000000;0.7706226982873;0.002036856943449
1640150828;can not bought;49105.88000000;0.7706226982873;0.002036856943449
1640150858;can not bought;49088.56000000;0.7706226982873;0.002036856943449
1640150888;can not bought;49072.80000000;0.7706226982873;0.002036856943449
1640150916;can not bought;49062.93000000;0.7706226982873;0.002036856943449
1640150947;can not bought;49062.14000000;0.7706226982873;0.002036856943449
1640150976;can not bought;49062.53000000;0.7706226982873;0.002036856943449
1640151005;can not bought;49047.56000000;0.7706226982873;0.002036856943449
1640151034;can not bought;49049.94000000;0.7706226982873;0.002036856943449
1640151064;can not bought;49035.79000000;0.7706226982873;0.002036856943449
1640151093;can not bought;49040.00000000;0.7706226982873;0.002036856943449
1640151123;can not bought;49040.18000000;0.7706226982873;0.002036856943449
1640151152;can not bought;49029.55000000;0.7706226982873;0.002036856943449
1640151181;can not bought;49012.06000000;0.7706226982873;0.002036856943449
1640151211;can not bought;49025.83000000;0.7706226982873;0.002036856943449
1640151241;can not bought;49033.01000000;0.7706226982873;0.002036856943449
1640151270;can not bought;49015.01000000;0.7706226982873;0.002036856943449
1640151300;can not bought;49033.08000000;0.7706226982873;0.002036856943449
1640151329;can not bought;49051.14000000;0.7706226982873;0.002036856943449
1640151358;can not bought;49043.90000000;0.7706226982873;0.002036856943449
1640151388;can not bought;49037.65000000;0.7706226982873;0.002036856943449
1640151417;can not bought;49037.51000000;0.7706226982873;0.002036856943449
1640151447;can not bought;49037.53000000;0.7706226982873;0.002036856943449
1640151477;can not bought;49043.97000000;0.7706226982873;0.002036856943449
1640151506;can not bought;49053.87000000;0.7706226982873;0.002036856943449
1640151535;can not bought;49077.34000000;0.7706226982873;0.002036856943449
1640151565;can not bought;49074.20000000;0.7706226982873;0.002036856943449
1640151594;can not bought;49056.24000000;0.7706226982873;0.002036856943449
1640151594;can not bought;49061.00000000;0.7706226982873;0.002036856943449
1640151594;can not bought;49060.91000000;0.7706226982873;0.002036856943449
1640151594;can not bought;49049.79000000;0.7706226982873;0.002036856943449
1640151594;can not bought;49042.35000000;0.7706226982873;0.002036856943449
1640151594;can not bought;49032.13000000;0.7706226982873;0.002036856943449
1640151594;can not bought;49034.48000000;0.7706226982873;0.002036856943449
1640151594;can not bought;49040.91000000;0.7706226982873;0.002036856943449
1640151594;can not bought;49054.65000000;0.7706226982873;0.002036856943449
1640151594;can not bought;49059.98000000;0.7706226982873;0.002036856943449
1640151594;can not bought;49072.19000000;0.7706226982873;0.002036856943449
1640151594;can not bought;49079.99000000;0.7706226982873;0.002036856943449
1640151594;can not bought;49065.43000000;0.7706226982873;0.002036856943449
1640151594;can not bought;49060.00000000;0.7706226982873;0.002036856943449
1640151594;can not bought;49040.69000000;0.7706226982873;0.002036856943449
1640151594;can not bought;49034.37000000;0.7706226982873;0.002036856943449
1640151594;can not bought;49054.44000000;0.7706226982873;0.002036856943449
1640151594;can not bought;49014.83000000;0.7706226982873;0.002036856943449
1640151594;can not bought;49000.01000000;0.7706226982873;0.002036856943449
1640151594;can not bought;48967.82000000;0.7706226982873;0.002036856943449
1640151594;can not bought;49008.39000000;0.7706226982873;0.002036856943449
1640151594;can not bought;49000.77000000;0.7706226982873;0.002036856943449
1640151594;can not bought;48926.33000000;0.7706226982873;0.002036856943449
1640151594;can not bought;48937.03000000;0.7706226982873;0.002036856943449
1640151594;can not bought;48959.28000000;0.7706226982873;0.002036856943449
1640151594;can not bought;48956.59000000;0.7706226982873;0.002036856943449
1640151594;can not bought;48961.62000000;0.7706226982873;0.002036856943449
1640151594;can not bought;48962.95000000;0.7706226982873;0.002036856943449
1640151594;can not bought;48981.91000000;0.7706226982873;0.002036856943449
1640151594;can not bought;48958.98000000;0.7706226982873;0.002036856943449
1640151594;can not bought;48971.01000000;0.7706226982873;0.002036856943449
1640151594;can not bought;48955.96000000;0.7706226982873;0.002036856943449
1640151594;can not bought;48970.99000000;0.7706226982873;0.002036856943449
1640151594;can not bought;48947.01000000;0.7706226982873;0.002036856943449
1640151594;can not bought;48949.09000000;0.7706226982873;0.002036856943449
1640151594;can not bought;48953.34000000;0.7706226982873;0.002036856943449
1640151594;can not bought;48946.34000000;0.7706226982873;0.002036856943449
1640151594;can not bought;48935.26000000;0.7706226982873;0.002036856943449
1640151594;can not bought;48950.98000000;0.7706226982873;0.002036856943449
1640151594;can not bought;48945.27000000;0.7706226982873;0.002036856943449
1640151594;can not bought;48950.01000000;0.7706226982873;0.002036856943449
1640151594;can not bought;48964.87000000;0.7706226982873;0.002036856943449
1640151594;can not bought;48971.83000000;0.7706226982873;0.002036856943449
1640151594;can not bought;48930.00000000;0.7706226982873;0.002036856943449
1640151594;can not bought;48940.94000000;0.7706226982873;0.002036856943449
1640151594;can not bought;48964.44000000;0.7706226982873;0.002036856943449
1640151594;can not bought;48965.88000000;0.7706226982873;0.002036856943449
1640151594;can not bought;48971.97000000;0.7706226982873;0.002036856943449
1640151594;can not bought;48960.01000000;0.7706226982873;0.002036856943449
1640151594;can not bought;48964.62000000;0.7706226982873;0.002036856943449
1640151594;can not bought;48968.86000000;0.7706226982873;0.002036856943449
1640151594;can not bought;48972.69000000;0.7706226982873;0.002036856943449
1640151594;can not bought;48993.29000000;0.7706226982873;0.002036856943449
1640151594;can not bought;48984.53000000;0.7706226982873;0.002036856943449
1640151594;can not bought;48980.01000000;0.7706226982873;0.002036856943449
1640151594;can not bought;48979.30000000;0.7706226982873;0.002036856943449
1640151594;can not bought;48962.23000000;0.7706226982873;0.002036856943449
1640151594;can not bought;49020.00000000;0.7706226982873;0.002036856943449
1640151594;can not bought;49032.80000000;0.7706226982873;0.002036856943449
1640151594;can not bought;48987.64000000;0.7706226982873;0.002036856943449
1640151594;can not bought;48998.46000000;0.7706226982873;0.002036856943449
1640151594;can not bought;48995.21000000;0.7706226982873;0.002036856943449
1640151594;can not bought;49011.32000000;0.7706226982873;0.002036856943449
1640151594;can not bought;49014.39000000;0.7706226982873;0.002036856943449
1640151594;can not bought;49034.07000000;0.7706226982873;0.002036856943449
1640151594;can not bought;49031.29000000;0.7706226982873;0.002036856943449
1640151594;can not bought;49053.65000000;0.7706226982873;0.002036856943449
1640151594;can not bought;49045.00000000;0.7706226982873;0.002036856943449
1640151594;can not bought;49035.73000000;0.7706226982873;0.002036856943449
1640151594;can not bought;49036.54000000;0.7706226982873;0.002036856943449
1640151594;can not bought;49043.88000000;0.7706226982873;0.002036856943449
1640151594;can not bought;49062.90000000;0.7706226982873;0.002036856943449
1640151594;can not bought;49094.52000000;0.7706226982873;0.002036856943449
1640151594;can not bought;49100.01000000;0.7706226982873;0.002036856943449
1640151594;can not bought;49097.79000000;0.7706226982873;0.002036856943449
1640151594;can not bought;49110.46000000;0.7706226982873;0.002036856943449
1640151594;can not bought;49083.43000000;0.7706226982873;0.002036856943449
1640151594;can not bought;49086.80000000;0.7706226982873;0.002036856943449
1640151594;can not bought;49109.27000000;0.7706226982873;0.002036856943449
1640151594;can not bought;49114.99000000;0.7706226982873;0.002036856943449
1640151594;can not bought;49124.86000000;0.7706226982873;0.002036856943449
1640151594;can not bought;49105.87000000;0.7706226982873;0.002036856943449
1640151594;can not bought;49098.99000000;0.7706226982873;0.002036856943449
1640151594;can not bought;49091.86000000;0.7706226982873;0.002036856943449
1640151594;can not bought;49052.07000000;0.7706226982873;0.002036856943449
1640151594;can not bought;49037.46000000;0.7706226982873;0.002036856943449
1640151594;can not bought;49058.76000000;0.7706226982873;0.002036856943449
1640151594;can not bought;49070.73000000;0.7706226982873;0.002036856943449
1640151594;can not bought;49058.38000000;0.7706226982873;0.002036856943449
1640151594;can not bought;49064.81000000;0.7706226982873;0.002036856943449
1640151594;can not bought;49065.81000000;0.7706226982873;0.002036856943449
1640151594;can not bought;49045.66000000;0.7706226982873;0.002036856943449
1640151594;can not bought;49043.47000000;0.7706226982873;0.002036856943449
1640151594;can not bought;49050.99000000;0.7706226982873;0.002036856943449
1640151594;can not bought;49054.13000000;0.7706226982873;0.002036856943449
1640151594;can not bought;49058.60000000;0.7706226982873;0.002036856943449
1640151594;can not bought;49085.11000000;0.7706226982873;0.002036856943449
1640151594;can not bought;49084.94000000;0.7706226982873;0.002036856943449
1640151594;can not bought;49084.95000000;0.7706226982873;0.002036856943449
1640151594;can not bought;49095.42000000;0.7706226982873;0.002036856943449
1640151594;can not bought;49100.13000000;0.7706226982873;0.002036856943449
1640151594;can not bought;49116.28000000;0.7706226982873;0.002036856943449
1640151594;can not bought;49131.41000000;0.7706226982873;0.002036856943449
1640151594;can not bought;49145.74000000;0.7706226982873;0.002036856943449
1640151594;can not bought;49145.94000000;0.7706226982873;0.002036856943449
1640151594;can not bought;49147.08000000;0.7706226982873;0.002036856943449
1640151594;can not bought;49173.06000000;0.7706226982873;0.002036856943449
1640151594;can not bought;49148.07000000;0.7706226982873;0.002036856943449
1640151594;can not bought;49147.70000000;0.7706226982873;0.002036856943449
1640151594;can not bought;49169.63000000;0.7706226982873;0.002036856943449
1640151594;can not bought;49141.84000000;0.7706226982873;0.002036856943449
1640151594;can not bought;49145.32000000;0.7706226982873;0.002036856943449
1640151594;can not bought;49174.71000000;0.7706226982873;0.002036856943449
1640151594;can not bought;49181.99000000;0.7706226982873;0.002036856943449
1640151594;can not bought;49188.65000000;0.7706226982873;0.002036856943449
1640151594;can not bought;49203.05000000;0.7706226982873;0.002036856943449
1640151594;can not bought;49188.98000000;0.7706226982873;0.002036856943449
1640151594;can not bought;49176.12000000;0.7706226982873;0.002036856943449
1640151594;can not bought;49169.97000000;0.7706226982873;0.002036856943449
1640151594;can not bought;49168.53000000;0.7706226982873;0.002036856943449
1640151594;can not bought;49173.13000000;0.7706226982873;0.002036856943449
1640151594;can not bought;49158.24000000;0.7706226982873;0.002036856943449
1640151594;can not bought;49158.26000000;0.7706226982873;0.002036856943449
1640151594;can not bought;49161.01000000;0.7706226982873;0.002036856943449
1640151594;can not bought;49166.73000000;0.7706226982873;0.002036856943449
1640151594;can not bought;49172.09000000;0.7706226982873;0.002036856943449
1640151594;can not bought;49183.00000000;0.7706226982873;0.002036856943449
1640151594;can not bought;49208.24000000;0.7706226982873;0.002036856943449
1640151594;can not bought;49203.99000000;0.7706226982873;0.002036856943449
1640151594;can not bought;49203.79000000;0.7706226982873;0.002036856943449
1640151594;can not bought;49207.86000000;0.7706226982873;0.002036856943449
1640151594;can not bought;49199.99000000;0.7706226982873;0.002036856943449
1640151594;can not bought;49206.05000000;0.7706226982873;0.002036856943449
1640151594;can not bought;49209.99000000;0.7706226982873;0.002036856943449
1640151594;can not bought;49203.13000000;0.7706226982873;0.002036856943449
1640151594;can not bought;49181.48000000;0.7706226982873;0.002036856943449
1640151594;can not bought;49166.15000000;0.7706226982873;0.002036856943449
1640151594;can not bought;49178.07000000;0.7706226982873;0.002036856943449
1640151594;can not bought;49189.91000000;0.7706226982873;0.002036856943449
1640151594;can not bought;49199.99000000;0.7706226982873;0.002036856943449
1640151594;can not bought;49186.38000000;0.7706226982873;0.002036856943449
1640151594;can not bought;49180.44000000;0.7706226982873;0.002036856943449
1640151594;can not bought;49187.97000000;0.7706226982873;0.002036856943449
1640151594;can not bought;49192.44000000;0.7706226982873;0.002036856943449
1640151594;can not bought;49195.99000000;0.7706226982873;0.002036856943449
1640151594;can not bought;49196.43000000;0.7706226982873;0.002036856943449
1640151594;can not bought;49180.04000000;0.7706226982873;0.002036856943449
1640151594;can not bought;49164.59000000;0.7706226982873;0.002036856943449
1640151594;can not bought;49159.63000000;0.7706226982873;0.002036856943449
1640151594;can not bought;49143.72000000;0.7706226982873;0.002036856943449
1640151594;can not bought;49148.35000000;0.7706226982873;0.002036856943449
1640151594;can not bought;49142.37000000;0.7706226982873;0.002036856943449
1640151594;can not bought;49164.52000000;0.7706226982873;0.002036856943449
1640151594;can not bought;49150.01000000;0.7706226982873;0.002036856943449
1640151594;can not bought;49140.00000000;0.7706226982873;0.002036856943449
1640151594;can not bought;49120.73000000;0.7706226982873;0.002036856943449
1640151594;can not bought;49107.65000000;0.7706226982873;0.002036856943449
1640151594;can not bought;49078.74000000;0.7706226982873;0.002036856943449
1640151594;can not bought;49080.82000000;0.7706226982873;0.002036856943449
1640151594;can not bought;49077.01000000;0.7706226982873;0.002036856943449
1640151594;can not bought;49068.59000000;0.7706226982873;0.002036856943449
1640151594;can not bought;49073.00000000;0.7706226982873;0.002036856943449
1640151594;can not bought;49063.36000000;0.7706226982873;0.002036856943449
1640151594;can not bought;49077.16000000;0.7706226982873;0.002036856943449
1640151594;can not bought;49084.43000000;0.7706226982873;0.002036856943449
1640151594;can not bought;49107.65000000;0.7706226982873;0.002036856943449
1640151594;can not bought;49106.05000000;0.7706226982873;0.002036856943449
1640151594;can not bought;49122.26000000;0.7706226982873;0.002036856943449
1640151594;can not bought;49099.41000000;0.7706226982873;0.002036856943449
1640151594;can not bought;49112.15000000;0.7706226982873;0.002036856943449
1640151594;can not bought;49112.83000000;0.7706226982873;0.002036856943449
1640151594;can not bought;49108.48000000;0.7706226982873;0.002036856943449
1640151594;can not bought;49109.60000000;0.7706226982873;0.002036856943449
1640151594;can not bought;49128.80000000;0.7706226982873;0.002036856943449
1640151594;can not bought;49141.49000000;0.7706226982873;0.002036856943449
1640151594;can not bought;49136.88000000;0.7706226982873;0.002036856943449
1640151594;can not bought;49139.01000000;0.7706226982873;0.002036856943449
1640151594;can not bought;49156.68000000;0.7706226982873;0.002036856943449
1640151594;can not bought;49128.98000000;0.7706226982873;0.002036856943449
1640151594;can not bought;49123.53000000;0.7706226982873;0.002036856943449
1640151594;can not bought;49107.15000000;0.7706226982873;0.002036856943449
1640151594;can not bought;49112.23000000;0.7706226982873;0.002036856943449
1640151594;can not bought;49108.49000000;0.7706226982873;0.002036856943449
1640151594;can not bought;49124.90000000;0.7706226982873;0.002036856943449
1640151594;can not bought;49130.99000000;0.7706226982873;0.002036856943449
1640151594;can not bought;49163.36000000;0.7706226982873;0.002036856943449
1640151594;can not bought;49163.19000000;0.7706226982873;0.002036856943449
1640151594;can not bought;49161.99000000;0.7706226982873;0.002036856943449
1640151594;can not bought;49162.98000000;0.7706226982873;0.002036856943449
1640151594;can not bought;49175.00000000;0.7706226982873;0.002036856943449
1640151594;can not bought;49194.29000000;0.7706226982873;0.002036856943449
1640151594;can not bought;49197.05000000;0.7706226982873;0.002036856943449
1640151594;can not bought;49225.66000000;0.7706226982873;0.002036856943449
1640151594;can not bought;49210.00000000;0.7706226982873;0.002036856943449
1640151594;can not bought;49190.06000000;0.7706226982873;0.002036856943449
1640151594;can not bought;49213.30000000;0.7706226982873;0.002036856943449
1640151594;can not bought;49213.92000000;0.7706226982873;0.002036856943449
1640151594;can not bought;49188.55000000;0.7706226982873;0.002036856943449
1640151594;can not bought;49273.98000000;0.7706226982873;0.002036856943449
1640151594;can not bought;49261.43000000;0.7706226982873;0.002036856943449
1640151594;can not bought;49249.50000000;0.7706226982873;0.002036856943449
1640151594;can not bought;49242.49000000;0.7706226982873;0.002036856943449
1640151594;can not bought;49263.04000000;0.7706226982873;0.002036856943449
1640151594;can not bought;49255.14000000;0.7706226982873;0.002036856943449
1640151594;can not bought;49270.20000000;0.7706226982873;0.002036856943449
1640151594;can not bought;49264.22000000;0.7706226982873;0.002036856943449
1640151594;can not bought;49261.84000000;0.7706226982873;0.002036856943449
1640151594;can not bought;49274.04000000;0.7706226982873;0.002036856943449
1640151594;can not bought;49274.04000000;0.7706226982873;0.002036856943449
1640151594;can not bought;49257.44000000;0.7706226982873;0.002036856943449
1640151594;can not bought;49264.50000000;0.7706226982873;0.002036856943449
1640151594;can not bought;49286.87000000;0.7706226982873;0.002036856943449
1640151594;can not bought;49287.29000000;0.7706226982873;0.002036856943449
1640151594;can not bought;49270.85000000;0.7706226982873;0.002036856943449
1640151594;can not bought;49266.65000000;0.7706226982873;0.002036856943449
1640151594;can not bought;49258.87000000;0.7706226982873;0.002036856943449
1640151594;can not bought;49210.98000000;0.7706226982873;0.002036856943449
1640151594;can not bought;49195.38000000;0.7706226982873;0.002036856943449
1640151594;can not bought;49207.40000000;0.7706226982873;0.002036856943449
1640151594;can not bought;49189.42000000;0.7706226982873;0.002036856943449
1640151594;can not bought;49221.90000000;0.7706226982873;0.002036856943449
1640151594;can not bought;49217.84000000;0.7706226982873;0.002036856943449
1640151594;can not bought;49212.53000000;0.7706226982873;0.002036856943449
1640151594;can not bought;49219.43000000;0.7706226982873;0.002036856943449
1640151594;can not bought;49193.00000000;0.7706226982873;0.002036856943449
1640151594;can not bought;49190.52000000;0.7706226982873;0.002036856943449
1640151594;can not bought;49177.38000000;0.7706226982873;0.002036856943449
1640151594;can not bought;49199.97000000;0.7706226982873;0.002036856943449
1640151594;can not bought;49199.29000000;0.7706226982873;0.002036856943449
1640151594;can not bought;49211.25000000;0.7706226982873;0.002036856943449
1640151594;can not bought;49209.69000000;0.7706226982873;0.002036856943449
1640151594;can not bought;49179.48000000;0.7706226982873;0.002036856943449
1640151594;can not bought;49185.54000000;0.7706226982873;0.002036856943449
1640151594;can not bought;49189.50000000;0.7706226982873;0.002036856943449
1640151594;can not bought;49159.71000000;0.7706226982873;0.002036856943449
1640151594;can not bought;49176.99000000;0.7706226982873;0.002036856943449
1640151594;can not bought;49177.21000000;0.7706226982873;0.002036856943449
1640151594;can not bought;49182.42000000;0.7706226982873;0.002036856943449
1640151594;can not bought;49179.73000000;0.7706226982873;0.002036856943449
1640151594;can not bought;49170.51000000;0.7706226982873;0.002036856943449
1640151594;can not bought;49199.98000000;0.7706226982873;0.002036856943449
1640151594;can not bought;49200.04000000;0.7706226982873;0.002036856943449
1640151594;can not bought;49198.88000000;0.7706226982873;0.002036856943449
1640151594;can not bought;49209.52000000;0.7706226982873;0.002036856943449
1640151594;can not bought;49216.16000000;0.7706226982873;0.002036856943449
1640151594;can not bought;49218.47000000;0.7706226982873;0.002036856943449
1640151594;can not bought;49226.01000000;0.7706226982873;0.002036856943449
1640151594;can not bought;49217.71000000;0.7706226982873;0.002036856943449
1640151594;can not bought;49235.28000000;0.7706226982873;0.002036856943449
1640151594;can not bought;49240.97000000;0.7706226982873;0.002036856943449
1640151594;can not bought;49236.39000000;0.7706226982873;0.002036856943449
1640151594;can not bought;49236.39000000;0.7706226982873;0.002036856943449
1640151594;can not bought;49232.52000000;0.7706226982873;0.002036856943449
1640151594;can not bought;49230.03000000;0.7706226982873;0.002036856943449
1640151594;can not bought;49220.00000000;0.7706226982873;0.002036856943449
1640151594;can not bought;49221.12000000;0.7706226982873;0.002036856943449
1640151594;can not bought;49210.19000000;0.7706226982873;0.002036856943449
1640151594;can not bought;49189.02000000;0.7706226982873;0.002036856943449
1640151594;can not bought;49261.33000000;0.7706226982873;0.002036856943449
1640151594;can not bought;49286.02000000;0.7706226982873;0.002036856943449
1640151594;can not bought;49255.10000000;0.7706226982873;0.002036856943449
1640151594;can not bought;49276.27000000;0.7706226982873;0.002036856943449
1640151594;can not bought;49277.44000000;0.7706226982873;0.002036856943449
1640151594;can not bought;49277.01000000;0.7706226982873;0.002036856943449
1640151594;can not bought;49282.79000000;0.7706226982873;0.002036856943449
1640151594;can not bought;49275.61000000;0.7706226982873;0.002036856943449
1640151594;can not bought;49261.88000000;0.7706226982873;0.002036856943449
1640151594;can not bought;49277.32000000;0.7706226982873;0.002036856943449
1640151594;can not bought;49283.42000000;0.7706226982873;0.002036856943449
1640151594;can not bought;49290.03000000;0.7706226982873;0.002036856943449
1640151594;can not bought;49297.46000000;0.7706226982873;0.002036856943449
1640151594;can not bought;49277.05000000;0.7706226982873;0.002036856943449
1640151594;can not bought;49274.66000000;0.7706226982873;0.002036856943449
1640151594;can not bought;49271.11000000;0.7706226982873;0.002036856943449
1640151594;can not bought;49264.66000000;0.7706226982873;0.002036856943449
1640151594;can not bought;49270.00000000;0.7706226982873;0.002036856943449
1640151594;can not bought;49271.12000000;0.7706226982873;0.002036856943449
1640151594;can not bought;49267.20000000;0.7706226982873;0.002036856943449
1640151594;can not bought;49270.02000000;0.7706226982873;0.002036856943449
1640151594;can not bought;49281.17000000;0.7706226982873;0.002036856943449
1640151594;can not bought;49270.61000000;0.7706226982873;0.002036856943449
1640151594;can not bought;49270.02000000;0.7706226982873;0.002036856943449
1640151594;can not bought;49244.66000000;0.7706226982873;0.002036856943449
1640151594;can not bought;49247.99000000;0.7706226982873;0.002036856943449
1640151594;can not bought;49223.33000000;0.7706226982873;0.002036856943449
1640151594;can not bought;49223.26000000;0.7706226982873;0.002036856943449
1640151594;can not bought;49230.07000000;0.7706226982873;0.002036856943449
1640151594;can not bought;49250.01000000;0.7706226982873;0.002036856943449
1640151594;can not bought;49240.24000000;0.7706226982873;0.002036856943449
1640151594;can not bought;49235.01000000;0.7706226982873;0.002036856943449
1640151594;can not bought;49213.49000000;0.7706226982873;0.002036856943449
1640151594;can not bought;49226.20000000;0.7706226982873;0.002036856943449
1640151594;can not bought;49224.71000000;0.7706226982873;0.002036856943449
1640151594;can not bought;49180.96000000;0.7706226982873;0.002036856943449
1640151594;can not bought;49172.08000000;0.7706226982873;0.002036856943449
1640151594;can not bought;49158.17000000;0.7706226982873;0.002036856943449
1640151594;can not bought;49142.74000000;0.7706226982873;0.002036856943449
1640151594;can not bought;49152.39000000;0.7706226982873;0.002036856943449
1640151594;can not bought;49135.78000000;0.7706226982873;0.002036856943449
1640151594;can not bought;49113.62000000;0.7706226982873;0.002036856943449
1640151594;can not bought;49167.04000000;0.7706226982873;0.002036856943449
1640151594;can not bought;49170.87000000;0.7706226982873;0.002036856943449
1640151594;can not bought;49159.05000000;0.7706226982873;0.002036856943449
1640151594;can not bought;49151.86000000;0.7706226982873;0.002036856943449
1640151594;can not bought;49142.35000000;0.7706226982873;0.002036856943449
1640151594;can not bought;49144.23000000;0.7706226982873;0.002036856943449
1640151594;can not bought;49138.60000000;0.7706226982873;0.002036856943449
1640151594;can not bought;49140.00000000;0.7706226982873;0.002036856943449
1640151594;can not bought;49168.33000000;0.7706226982873;0.002036856943449
1640151594;can not bought;49180.00000000;0.7706226982873;0.002036856943449
1640151594;can not bought;49200.00000000;0.7706226982873;0.002036856943449
1640151594;can not bought;49222.02000000;0.7706226982873;0.002036856943449
1640151594;can not bought;49238.22000000;0.7706226982873;0.002036856943449
1640151594;can not bought;49255.29000000;0.7706226982873;0.002036856943449
1640151594;can not bought;49242.70000000;0.7706226982873;0.002036856943449
1640151594;can not bought;49240.07000000;0.7706226982873;0.002036856943449
1640151594;can not bought;49239.78000000;0.7706226982873;0.002036856943449
1640151594;can not bought;49222.00000000;0.7706226982873;0.002036856943449
1640151594;can not bought;49239.00000000;0.7706226982873;0.002036856943449
1640151594;can not bought;49236.04000000;0.7706226982873;0.002036856943449
1640151594;can not bought;49212.04000000;0.7706226982873;0.002036856943449
1640151594;can not bought;49231.43000000;0.7706226982873;0.002036856943449
1640151594;can not bought;49224.57000000;0.7706226982873;0.002036856943449
1640151594;can not bought;49242.95000000;0.7706226982873;0.002036856943449
1640151594;can not bought;49229.57000000;0.7706226982873;0.002036856943449
1640151594;can not bought;49274.61000000;0.7706226982873;0.002036856943449
1640151594;can not bought;49272.46000000;0.7706226982873;0.002036856943449
1640151594;can not bought;49275.51000000;0.7706226982873;0.002036856943449
1640151594;can not bought;49277.35000000;0.7706226982873;0.002036856943449
1640151594;can not bought;49279.18000000;0.7706226982873;0.002036856943449
1640151594;can not bought;49279.19000000;0.7706226982873;0.002036856943449
1640151594;can not bought;49285.17000000;0.7706226982873;0.002036856943449
1640151594;can not bought;49325.42000000;0.7706226982873;0.002036856943449
1640151594;can not bought;49365.18000000;0.7706226982873;0.002036856943449
1640151594;can not bought;49288.73000000;0.7706226982873;0.002036856943449
