1641479307;bought;42895.22;89.996;0.00023312620846798
1641482597;sell;42828.99;42928.99;0
1641482621;sell;42812.19;85741.18;0
1641486809;bought;42766.16;89.996;0.00023382973827905
1641493648;bought;43058.57;89.996;0.00023224180459314
1641496338;sell;43368.3;100.06390348123;0
1641501722;bought;43189.99;90.059903481235;0.00023153513117276
1641505642;bought;43104.07;89.996;0.00023199665368027
1641507385;bought;43061.86;69.988;0.00069644477552173
1641507562;bought;43072.99;39.976;0.0013929369391723
1641510729;bought;43119.35;0.9844096;0.0022968466687949
1641511409;bought;43080.06;1.00000623616;0.0022964847751485
1641511528;bought;43114.81;0.99999999750554;0.0022964849197893
1641512416;sell;43223.47;100.02381812058;0
1641514337;bought;42947.4;90.019818120583;0.00023284296604684
1641514455;bought;42928.08;70.011818120583;0.00069873848245475
1641515762;bought;42810.07;39.999818120583;0.0013995081845365
1641517449;sell;42899.04;99.965330640236;0
1641518722;bought;42856.28;89.961330640236;0.00023333803120569
1641519018;sell;42978.46;99.985828477192;0
1641521594;bought;42880.2;89.981828477192;0.00023320786750062
1641523282;bought;42858.48;69.973828477192;0.00069985997462154
1641523458;bought;42799.97;39.961828477192;0.0014007950453704
1641524909;bought;42738.95;0.98441526860912;0.0023124184820059
1641526095;bought;42194;1.0000062338926;0.0023120491230594
1641527045;bought;41829;0.99999999750644;0.0023120492720921
1641528377;bought;41709.18;1.000000000001;0.0023120492720324
1641528497;bought;41799.61;1;0.0023120492720324
1641529327;bought;41431.81;1;0.0023120492720324
1641530241;bought;41256.58;1;0.0023120492720324
1641531120;sell;41691.06;97.006217783566;0
1641532394;bought;41602.72;87.002217783566;0.00024036889895661
1641532632;sell;41772.87;97.039100192216;0
1641537730;bought;41525.58;87.035100192216;0.0002408154202783
1641537849;bought;41507.58;67.027100192216;0.00072265512280974
1641539356;bought;41358.06;37.015100192216;0.0014480276378648
1641540270;sell;41512.4;97.054069383299;0
1641541514;bought;41479.33;87.050069383299;0.0002410839326479
1641542046;sell;41629.91;97.08235728091;0
1641549746;bought;42402.76;87.07835728091;0.00023583370516448
1641552966;bought;42259.11;67.07035728091;0.00070910443897785
1641553263;bought;42201;37.05835728091;0.0014199880673279
1641555182;bought;42242.4;0.98557665708764;0.002273593858687
1641556160;sell;42258.49;96.910494169129;0
1641560188;bought;42412.96;86.906494169129;0.00023577698892037
1641561136;bought;42292.18;66.898494169129;0.00070867765282561
1641562230;sell;42527.24;97.012488309781;0
1641562938;bought;41393.91;87.008488309781;0.00024158143069838
1641566250;bought;41620.52;67.000488309781;0.00072211362971944
1641566898;sell;41979.45;97.290170176496;0
1641568050;bought;41669.85;87.286170176496;0.00023998166540076
1641568288;bought;41633.4;67.278170176496;0.00072036520361768
1641570088;bought;41394.41;37.266170176496;0.0014451007415804
1641570325;bought;41299.99;0.9854935319294;0.0023232164548408
1641570858;bought;40935.81;1.0000058025872;0.0023228620837395
1641572424;bought;41053.22;0.99999999767897;0.0023228622250826
1641572894;sell;41644.03;97.501184158835;0
1641576122;bought;41880.63;87.497184158835;0.00023877386753733
1641576506;bought;41849.22;67.489184158835;0.0007166800268397
1641577691;sell;41927.08;97.51344633789;0
1641579794;bought;41800;87.50944633789;0.00023923444976077
1641579971;bought;41767.17;67.50144633789;0.00071807943734312
1641580267;bought;41733.02;37.48944633789;0.0014369346747546
1641581479;bought;41614.3;0.98540422146484;0.0023137834103549
